# Energy(keV)  dEe/dx(keV/micro_m)  dEn/dx(keV/micro_m)  x(micro_m)
1.100000000000000066e-03 8.263000000000000345e-01 1.034999999999999964e+01 1.000000000000000048e-04
1.199999999999999895e-03 8.263000000000000345e-01 1.094999999999999929e+01 1.000000000000000048e-04
1.300000000000000157e-03 8.600999999999999757e-01 1.153999999999999915e+01 1.000000000000000048e-04
1.399999999999999986e-03 8.925999999999999490e-01 1.210999999999999943e+01 1.000000000000000048e-04
1.500000000000000031e-03 9.239000000000000545e-01 1.266000000000000014e+01 1.000000000000000048e-04
1.600000000000000077e-03 9.542000000000000481e-01 1.319999999999999929e+01 1.000000000000000048e-04
1.699999999999999905e-03 9.835000000000000409e-01 1.372000000000000064e+01 1.000000000000000048e-04
1.800000000000000168e-03 1.012000000000000011e+00 1.424000000000000021e+01 1.000000000000000048e-04
2.000000000000000042e-03 1.066999999999999948e+00 1.523000000000000043e+01 2.000000000000000096e-04
2.250000000000000264e-03 1.131999999999999895e+00 1.642000000000000171e+01 2.000000000000000096e-04
2.499990000000000111e-03 1.193000000000000060e+00 1.755000000000000071e+01 2.000000000000000096e-04
2.749989999999999900e-03 1.250999999999999890e+00 1.864000000000000057e+01 2.000000000000000096e-04
2.999990000000000122e-03 1.306999999999999940e+00 1.969000000000000128e+01 2.000000000000000096e-04
3.249989999999999910e-03 1.360000000000000098e+00 2.069999999999999929e+01 2.000000000000000096e-04
3.499990000000000132e-03 1.411000000000000032e+00 2.167999999999999972e+01 2.000000000000000096e-04
3.749989999999999921e-03 1.461000000000000076e+00 2.262999999999999901e+01 2.000000000000000096e-04
3.999990000000000143e-03 1.508999999999999897e+00 2.355000000000000071e+01 2.000000000000000096e-04
4.499990000000000587e-03 1.600000000000000089e+00 2.532000000000000028e+01 2.000000000000000096e-04
4.999990000000000163e-03 1.687000000000000055e+00 2.701000000000000156e+01 2.000000000000000096e-04
5.499990000000000608e-03 1.768999999999999906e+00 2.862999999999999901e+01 2.000000000000000096e-04
5.999990000000000184e-03 1.848000000000000087e+00 3.017999999999999972e+01 2.000000000000000096e-04
6.499990000000000628e-03 1.923000000000000043e+00 3.167000000000000171e+01 2.000000000000000096e-04
6.999990000000000205e-03 1.995999999999999996e+00 3.311999999999999744e+01 3.000000000000000279e-04
7.999990000000000226e-03 2.133999999999999897e+00 3.586999999999999744e+01 3.000000000000000279e-04
8.999990000000001114e-03 2.262999999999999901e+00 3.846000000000000085e+01 3.000000000000000279e-04
9.999990000000000268e-03 2.384999999999999787e+00 4.092000000000000171e+01 3.000000000000000279e-04
1.099989999999999996e-02 2.501999999999999780e+00 4.327000000000000313e+01 3.000000000000000279e-04
1.199990000000000084e-02 2.612999999999999989e+00 4.550999999999999801e+01 3.000000000000000279e-04
1.299990000000000000e-02 2.720000000000000195e+00 4.767000000000000171e+01 3.000000000000000279e-04
1.399990000000000089e-02 2.822000000000000064e+00 4.975000000000000000e+01 3.000000000000000279e-04
1.499990000000000004e-02 2.922000000000000153e+00 5.175000000000000000e+01 3.000000000000000279e-04
1.599990000000000093e-02 3.016999999999999904e+00 5.368999999999999773e+01 4.000000000000000192e-04
1.699990000000000182e-02 3.109999999999999876e+00 5.557000000000000028e+01 4.000000000000000192e-04
1.799989999999999923e-02 3.200000000000000178e+00 5.739000000000000057e+01 4.000000000000000192e-04
1.999990000000000101e-02 3.374000000000000110e+00 6.089000000000000057e+01 4.000000000000000192e-04
2.249989999999999976e-02 3.577999999999999847e+00 6.501000000000000512e+01 4.000000000000000192e-04
2.499990000000000198e-02 3.771999999999999797e+00 6.890000000000000568e+01 4.000000000000000192e-04
2.749990000000000073e-02 3.955999999999999961e+00 7.259000000000000341e+01 4.000000000000000192e-04
2.999989999999999948e-02 4.131999999999999673e+00 7.609999999999999432e+01 5.000000000000000104e-04
3.249989999999999823e-02 4.299999999999999822e+00 7.945999999999999375e+01 5.000000000000000104e-04
3.499990000000000046e-02 4.463000000000000078e+00 8.267000000000000171e+01 5.000000000000000104e-04
3.749989999999999574e-02 4.618999999999999773e+00 8.576000000000000512e+01 5.000000000000000104e-04
3.999989999999999796e-02 4.770999999999999908e+00 8.873999999999999488e+01 5.000000000000000104e-04
4.499989999999999546e-02 5.059999999999999609e+00 9.437999999999999545e+01 6.000000000000000559e-04
4.999989999999999990e-02 5.333999999999999631e+00 9.968000000000000682e+01 6.000000000000000559e-04
5.499989999999999740e-02 5.594000000000000306e+00 1.047000000000000028e+02 6.000000000000000559e-04
5.999989999999999490e-02 5.842999999999999972e+00 1.094000000000000057e+02 6.000000000000000559e-04
6.499989999999999934e-02 6.081999999999999851e+00 1.139000000000000057e+02 6.999999999999999929e-04
6.999990000000000379e-02 6.310999999999999943e+00 1.182000000000000028e+02 6.999999999999999929e-04
7.999989999999999879e-02 6.746999999999999886e+00 1.262000000000000028e+02 6.999999999999999929e-04
8.999989999999999379e-02 7.155999999999999694e+00 1.336999999999999886e+02 8.000000000000000383e-04
9.999990000000000268e-02 7.543000000000000149e+00 1.405999999999999943e+02 8.000000000000000383e-04
1.100000000000000006e-01 7.911999999999999922e+00 1.470000000000000000e+02 8.000000000000000383e-04
1.199999999999999956e-01 8.262999999999999901e+00 1.530999999999999943e+02 9.000000000000000838e-04
1.300000000000000044e-01 8.601000000000000867e+00 1.589000000000000057e+02 9.000000000000000838e-04
1.399989999999999846e-01 8.926000000000000156e+00 1.644000000000000057e+02 9.000000000000000838e-04
1.499989999999999934e-01 9.239000000000000767e+00 1.695999999999999943e+02 1.000000000000000021e-03
1.599990000000000023e-01 9.541999999999999815e+00 1.745000000000000000e+02 1.000000000000000021e-03
1.699990000000000112e-01 9.835000000000000853e+00 1.793000000000000114e+02 1.000000000000000021e-03
1.799989999999999923e-01 1.011999999999999922e+01 1.838000000000000114e+02 1.100000000000000066e-03
1.999990000000000101e-01 1.066999999999999993e+01 1.924000000000000057e+02 1.100000000000000066e-03
2.249990000000000046e-01 1.132000000000000028e+01 2.023000000000000114e+02 1.200000000000000112e-03
2.499989999999999990e-01 1.192999999999999972e+01 2.114000000000000057e+02 1.300000000000000157e-03
2.749990000000000490e-01 1.250999999999999979e+01 2.198000000000000114e+02 1.300000000000000157e-03
2.999990000000000157e-01 1.307000000000000028e+01 2.275999999999999943e+02 1.399999999999999986e-03
3.249990000000000379e-01 1.359999999999999964e+01 2.349000000000000057e+02 1.399999999999999986e-03
3.499990000000000046e-01 1.410999999999999943e+01 2.418000000000000114e+02 1.500000000000000031e-03
3.749990000000000268e-01 1.460999999999999943e+01 2.483000000000000114e+02 1.600000000000000077e-03
3.999990000000000490e-01 1.508999999999999986e+01 2.544000000000000057e+02 1.600000000000000077e-03
4.499990000000000379e-01 1.600000000000000000e+01 2.658000000000000114e+02 1.700000000000000122e-03
4.999990000000000268e-01 1.687000000000000099e+01 2.761000000000000227e+02 1.800000000000000168e-03
5.499990000000000157e-01 1.769000000000000128e+01 2.856000000000000227e+02 1.899999999999999996e-03
5.999990000000000601e-01 1.848000000000000043e+01 2.943000000000000114e+02 2.000000000000000042e-03
6.499989999999999934e-01 1.923000000000000043e+01 3.023999999999999773e+02 2.100000000000000304e-03
6.999990000000000379e-01 1.996000000000000085e+01 3.098999999999999773e+02 2.200000000000000133e-03
7.999990000000000157e-01 2.133999999999999986e+01 3.235000000000000000e+02 2.400000000000000223e-03
8.999989999999999934e-01 2.262999999999999901e+01 3.356000000000000227e+02 2.600000000000000314e-03
9.999990000000000823e-01 2.385000000000000142e+01 3.463000000000000114e+02 2.799999999999999972e-03
1.100000000000000089e+00 2.501999999999999957e+01 3.561000000000000227e+02 3.000000000000000062e-03
1.199999999999999956e+00 2.612999999999999901e+01 3.648999999999999773e+02 3.100000000000000325e-03
1.300000000000000044e+00 2.719999999999999929e+01 3.730000000000000000e+02 3.299999999999999982e-03
1.399999999999999911e+00 2.823000000000000043e+01 3.803999999999999773e+02 3.400000000000000244e-03
1.500000000000000000e+00 2.921999999999999886e+01 3.873000000000000114e+02 3.600000000000000335e-03
1.600000000000000089e+00 3.017000000000000171e+01 3.936000000000000227e+02 3.799999999999999992e-03
1.699999999999999956e+00 3.110000000000000142e+01 3.995000000000000000e+02 3.900000000000000255e-03
1.800000000000000044e+00 3.200000000000000000e+01 4.050000000000000000e+02 4.100000000000000346e-03
2.000000000000000000e+00 3.374000000000000199e+01 4.150000000000000000e+02 4.400000000000000265e-03
2.250000000000000000e+00 3.578000000000000114e+01 4.258000000000000114e+02 4.700000000000000185e-03
2.500000000000000000e+00 3.771999999999999886e+01 4.351999999999999886e+02 5.100000000000000366e-03
2.750000000000000000e+00 3.956000000000000227e+01 4.433999999999999773e+02 5.500000000000000548e-03
3.000000000000000000e+00 4.132000000000000028e+01 4.506000000000000227e+02 5.800000000000000468e-03
3.250000000000000000e+00 4.300000000000000000e+01 4.570000000000000000e+02 6.100000000000000387e-03
3.500000000000000000e+00 4.463000000000000256e+01 4.626000000000000227e+02 6.500000000000000569e-03
3.750000000000000000e+00 4.618999999999999773e+01 4.676999999999999886e+02 6.800000000000000488e-03
4.000000000000000000e+00 4.771000000000000085e+01 4.721999999999999886e+02 7.200000000000000670e-03
4.500000000000000000e+00 5.060000000000000142e+01 4.798999999999999773e+02 7.800000000000000509e-03
5.000000000000000000e+00 5.334000000000000341e+01 4.861999999999999886e+02 8.500000000000000611e-03
5.500000000000000000e+00 5.593999999999999773e+01 4.913000000000000114e+02 9.100000000000000450e-03
6.000000000000000000e+00 5.842999999999999972e+01 4.955000000000000000e+02 9.799999999999999684e-03
6.500000000000000000e+00 6.082000000000000028e+01 4.988999999999999773e+02 1.040000000000000126e-02
7.000000000000000000e+00 6.310999999999999943e+01 5.016999999999999886e+02 1.110000000000000049e-02
8.000000000000000000e+00 6.746999999999999886e+01 5.056999999999999886e+02 1.230000000000000017e-02
9.000000000000000000e+00 7.156000000000000227e+01 5.081999999999999886e+02 1.360000000000000098e-02
1.000000000000000000e+01 7.543999999999999773e+01 5.093999999999999773e+02 1.480000000000000066e-02
1.100000000000000000e+01 7.912000000000000455e+01 5.096999999999999886e+02 1.609999999999999973e-02
1.200000000000000000e+01 8.264000000000000057e+01 5.093999999999999773e+02 1.729999999999999941e-02
1.300000000000000000e+01 8.601000000000000512e+01 5.083999999999999773e+02 1.860000000000000195e-02
1.400000000000000000e+01 8.926000000000000512e+01 5.071000000000000227e+02 1.980000000000000163e-02
1.500000000000000000e+01 9.239000000000000057e+01 5.053999999999999773e+02 2.110000000000000070e-02
1.600000000000000000e+01 9.542000000000000171e+01 5.033999999999999773e+02 2.239999999999999977e-02
1.700000000000000000e+01 9.835999999999999943e+01 5.013000000000000114e+02 2.359999999999999945e-02
1.800000000000000000e+01 1.012000000000000028e+02 4.988999999999999773e+02 2.490000000000000199e-02
2.000000000000000000e+01 1.067000000000000028e+02 4.938000000000000114e+02 2.740000000000000074e-02
2.250000000000000000e+01 1.132000000000000028e+02 4.868999999999999773e+02 3.060000000000000220e-02
2.500000000000000000e+01 1.192999999999999972e+02 4.798000000000000114e+02 3.380000000000000365e-02
2.750000000000000000e+01 1.250999999999999943e+02 4.725000000000000000e+02 3.710000000000000103e-02
3.000000000000000000e+01 1.306999999999999886e+02 4.651999999999999886e+02 4.040000000000000535e-02
3.250000000000000000e+01 1.360000000000000000e+02 4.580000000000000000e+02 4.370000000000000273e-02
3.500000000000000000e+01 1.410999999999999943e+02 4.508999999999999773e+02 4.700000000000000011e-02
3.750000000000000000e+01 1.460999999999999943e+02 4.440000000000000000e+02 5.040000000000000036e-02
4.000000000000000000e+01 1.509000000000000057e+02 4.371999999999999886e+02 5.370000000000000467e-02
4.500000000000000000e+01 1.600000000000000000e+02 4.241999999999999886e+02 6.060000000000000109e-02
5.000000000000000000e+01 1.686999999999999886e+02 4.120000000000000000e+02 6.750000000000000444e-02
5.500000000000000000e+01 1.770999999999999943e+02 4.003999999999999773e+02 7.449999999999999678e-02
6.000000000000000000e+01 1.861999999999999886e+02 3.895000000000000000e+02 8.160000000000000586e-02
6.500000000000000000e+01 1.951999999999999886e+02 3.793000000000000114e+02 8.870000000000000107e-02
7.000000000000000000e+01 2.040000000000000000e+02 3.696000000000000227e+02 9.589999999999999913e-02
8.000000000000000000e+01 2.205999999999999943e+02 3.518999999999999773e+02 1.103000000000000091e-01
9.000000000000000000e+01 2.358000000000000114e+02 3.360000000000000000e+02 1.249000000000000110e-01
1.000000000000000000e+02 2.496999999999999886e+02 3.218000000000000114e+02 1.396000000000000019e-01
1.100000000000000000e+02 2.626000000000000227e+02 3.088999999999999773e+02 1.544000000000000095e-01
1.200000000000000000e+02 2.748000000000000114e+02 2.971000000000000227e+02 1.693000000000000060e-01
1.300000000000000000e+02 2.863000000000000114e+02 2.863999999999999773e+02 1.842000000000000026e-01
1.400000000000000000e+02 2.973999999999999773e+02 2.765000000000000000e+02 1.992000000000000159e-01
1.500000000000000000e+02 3.080000000000000000e+02 2.673999999999999773e+02 2.142000000000000015e-01
1.600000000000000000e+02 3.183999999999999773e+02 2.590000000000000000e+02 2.292000000000000148e-01
1.700000000000000000e+02 3.285000000000000000e+02 2.511999999999999886e+02 2.442000000000000004e-01
1.800000000000000000e+02 3.383999999999999773e+02 2.440000000000000000e+02 2.591999999999999860e-01
2.000000000000000000e+02 3.578999999999999773e+02 2.308000000000000114e+02 2.891000000000000236e-01
2.250000000000000000e+02 3.816999999999999886e+02 2.165999999999999943e+02 3.263000000000000345e-01
2.500000000000000000e+02 4.053000000000000114e+02 2.041999999999999886e+02 3.631000000000000338e-01
2.750000000000000000e+02 4.288000000000000114e+02 1.934000000000000057e+02 3.994000000000000328e-01
3.000000000000000000e+02 4.521999999999999886e+02 1.838000000000000114e+02 4.351000000000000423e-01
3.250000000000000000e+02 4.756000000000000227e+02 1.753000000000000114e+02 4.702000000000000068e-01
3.500000000000000000e+02 4.990000000000000000e+02 1.676999999999999886e+02 5.046000000000000485e-01
3.750000000000000000e+02 5.223999999999999773e+02 1.606999999999999886e+02 5.383000000000000007e-01
4.000000000000000000e+02 5.457000000000000455e+02 1.545000000000000000e+02 5.714000000000000190e-01
4.500000000000000000e+02 5.921000000000000227e+02 1.434000000000000057e+02 6.354000000000000759e-01
5.000000000000000000e+02 6.381000000000000227e+02 1.340999999999999943e+02 6.968000000000000860e-01
5.500000000000000000e+02 6.836000000000000227e+02 1.260000000000000000e+02 7.556000000000000494e-01
6.000000000000000000e+02 7.285000000000000000e+02 1.190000000000000000e+02 8.120000000000000551e-01
6.500000000000000000e+02 7.727999999999999545e+02 1.127999999999999972e+02 8.662000000000000810e-01
7.000000000000000000e+02 8.162999999999999545e+02 1.072999999999999972e+02 9.183000000000000052e-01
8.000000000000000000e+02 9.012999999999999545e+02 9.795000000000000284e+01 1.020000000000000018e+00
9.000000000000000000e+02 9.833999999999999773e+02 9.026000000000000512e+01 1.110000000000000098e+00
1.000000000000000000e+03 1.063000000000000000e+03 8.381999999999999318e+01 1.199999999999999956e+00
1.100000000000000000e+03 1.139000000000000000e+03 7.832999999999999829e+01 1.280000000000000027e+00
1.200000000000000000e+03 1.213000000000000000e+03 7.359999999999999432e+01 1.350000000000000089e+00
1.300000000000000000e+03 1.285000000000000000e+03 6.945999999999999375e+01 1.429999999999999938e+00
1.400000000000000000e+03 1.355000000000000000e+03 6.581000000000000227e+01 1.500000000000000000e+00
1.500000000000000000e+03 1.422000000000000000e+03 6.256000000000000227e+01 1.560000000000000053e+00
1.600000000000000000e+03 1.488000000000000000e+03 5.964999999999999858e+01 1.629999999999999893e+00
1.700000000000000000e+03 1.552000000000000000e+03 5.703000000000000114e+01 1.689999999999999947e+00
1.800000000000000000e+03 1.614000000000000000e+03 5.464999999999999858e+01 1.750000000000000000e+00
2.000000000000000000e+03 1.733000000000000000e+03 5.050000000000000000e+01 1.860000000000000098e+00
2.250000000000000000e+03 1.875000000000000000e+03 4.620000000000000284e+01 2.000000000000000000e+00
2.500000000000000000e+03 2.008000000000000000e+03 4.263000000000000256e+01 2.120000000000000107e+00
2.750000000000000000e+03 2.134000000000000000e+03 3.961999999999999744e+01 2.240000000000000213e+00
3.000000000000000000e+03 2.253000000000000000e+03 3.704999999999999716e+01 2.350000000000000089e+00
3.250000000000000000e+03 2.365000000000000000e+03 3.481000000000000227e+01 2.450000000000000178e+00
3.500000000000000000e+03 2.471000000000000000e+03 3.285999999999999943e+01 2.549999999999999822e+00
3.750000000000000000e+03 2.572000000000000000e+03 3.112999999999999901e+01 2.649999999999999911e+00
4.000000000000000000e+03 2.666000000000000000e+03 2.958999999999999986e+01 2.740000000000000213e+00
4.500000000000000000e+03 2.839000000000000000e+03 2.696000000000000085e+01 2.919999999999999929e+00
5.000000000000000000e+03 2.992000000000000000e+03 2.478999999999999915e+01 3.089999999999999858e+00
5.500000000000000000e+03 3.127000000000000000e+03 2.296999999999999886e+01 3.250000000000000000e+00
6.000000000000000000e+03 3.245000000000000000e+03 2.142000000000000171e+01 3.410000000000000142e+00
6.500000000000000000e+03 3.350000000000000000e+03 2.007999999999999829e+01 3.560000000000000053e+00
7.000000000000000000e+03 3.441000000000000000e+03 1.891000000000000014e+01 3.700000000000000178e+00
8.000000000000000000e+03 3.591000000000000000e+03 1.696999999999999886e+01 3.979999999999999982e+00
9.000000000000000000e+03 3.706000000000000000e+03 1.541000000000000014e+01 4.259999999999999787e+00
1.000000000000000000e+04 3.795000000000000000e+03 1.414000000000000057e+01 4.519999999999999574e+00
1.100000000000000000e+04 3.862000000000000000e+03 1.307000000000000028e+01 4.780000000000000249e+00
1.200000000000000000e+04 3.913000000000000000e+03 1.216000000000000014e+01 5.040000000000000036e+00
1.300000000000000000e+04 3.950000000000000000e+03 1.138000000000000078e+01 5.290000000000000036e+00
1.400000000000000000e+04 3.977000000000000000e+03 1.069999999999999929e+01 5.540000000000000036e+00
1.500000000000000000e+04 3.995000000000000000e+03 1.009999999999999964e+01 5.790000000000000036e+00
1.600000000000000000e+04 4.007000000000000000e+03 9.571999999999999176e+00 6.040000000000000036e+00
1.700000000000000000e+04 4.012000000000000000e+03 9.098000000000000753e+00 6.290000000000000036e+00
1.800000000000000000e+04 4.013000000000000000e+03 8.672000000000000597e+00 6.540000000000000036e+00
2.000000000000000000e+04 4.003000000000000000e+03 7.937000000000000277e+00 7.030000000000000249e+00
2.250000000000000000e+04 3.976000000000000000e+03 7.185999999999999943e+00 7.660000000000000142e+00
2.500000000000000000e+04 3.938000000000000000e+03 6.573000000000000398e+00 8.289999999999999147e+00
2.750000000000000000e+04 3.894000000000000000e+03 6.062000000000000277e+00 8.919999999999999929e+00
3.000000000000000000e+04 3.846000000000000000e+03 5.629999999999999893e+00 9.570000000000000284e+00
3.250000000000000000e+04 3.796000000000000000e+03 5.258000000000000007e+00 1.022000000000000064e+01
3.500000000000000000e+04 3.745000000000000000e+03 4.935999999999999943e+00 1.088000000000000078e+01
3.750000000000000000e+04 3.693000000000000000e+03 4.652000000000000135e+00 1.156000000000000050e+01
4.000000000000000000e+04 3.642000000000000000e+03 4.402000000000000135e+00 1.224000000000000021e+01
4.500000000000000000e+04 3.542000000000000000e+03 3.978000000000000203e+00 1.363000000000000078e+01
5.000000000000000000e+04 3.445000000000000000e+03 3.633000000000000007e+00 1.506000000000000050e+01
5.500000000000000000e+04 3.359000000000000000e+03 3.346000000000000085e+00 1.651999999999999957e+01
6.000000000000000000e+04 3.285000000000000000e+03 3.103000000000000203e+00 1.803000000000000114e+01
6.500000000000000000e+04 3.191000000000000000e+03 2.895000000000000018e+00 1.957000000000000028e+01
7.000000000000000000e+04 3.108000000000000000e+03 2.714999999999999858e+00 2.116000000000000014e+01
8.000000000000000000e+04 2.956000000000000000e+03 2.416999999999999815e+00 2.444999999999999929e+01
9.000000000000000000e+04 2.821000000000000000e+03 2.181000000000000050e+00 2.791000000000000014e+01
1.000000000000000000e+05 2.699000000000000000e+03 1.989000000000000101e+00 3.153000000000000114e+01
1.100000000000000000e+05 2.589000000000000000e+03 1.830000000000000071e+00 3.531000000000000227e+01
1.200000000000000000e+05 2.489000000000000000e+03 1.695999999999999952e+00 3.925000000000000000e+01
1.300000000000000000e+05 2.398000000000000000e+03 1.580999999999999961e+00 4.334000000000000341e+01
1.400000000000000000e+05 2.313000000000000000e+03 1.481000000000000094e+00 4.759000000000000341e+01
1.500000000000000000e+05 2.236000000000000000e+03 1.393999999999999906e+00 5.197999999999999687e+01
1.600000000000000000e+05 2.163000000000000000e+03 1.316000000000000059e+00 5.652000000000000313e+01
1.700000000000000000e+05 2.096000000000000000e+03 1.247999999999999998e+00 6.121999999999999886e+01
1.800000000000000000e+05 2.033000000000000000e+03 1.185999999999999943e+00 6.606000000000000227e+01
2.000000000000000000e+05 1.919000000000000000e+03 1.080999999999999961e+00 7.618000000000000682e+01
2.250000000000000000e+05 1.794000000000000000e+03 9.737999999999999989e-01 8.965000000000000568e+01
2.500000000000000000e+05 1.684000000000000000e+03 8.869000000000000217e-01 1.040300000000000011e+02
2.750000000000000000e+05 1.587000000000000000e+03 8.148999999999999577e-01 1.193199999999999932e+02
3.000000000000000000e+05 1.500000000000000000e+03 7.541999999999999815e-01 1.355300000000000011e+02
3.250000000000000000e+05 1.421000000000000000e+03 7.023000000000000353e-01 1.526500000000000057e+02
3.500000000000000000e+05 1.351000000000000000e+03 6.573999999999999844e-01 1.706800000000000068e+02
3.750000000000000000e+05 1.286000000000000000e+03 6.180999999999999828e-01 1.896399999999999864e+02
4.000000000000000000e+05 1.228000000000000000e+03 5.835000000000000187e-01 2.095300000000000011e+02
4.500000000000000000e+05 1.125000000000000000e+03 5.251000000000000112e-01 2.520800000000000125e+02
5.000000000000000000e+05 1.038000000000000000e+03 4.778000000000000025e-01 2.983500000000000227e+02
5.500000000000000000e+05 9.647000000000000455e+02 4.386999999999999789e-01 3.483100000000000023e+02
6.000000000000000000e+05 9.027999999999999545e+02 4.057000000000000051e-01 4.018799999999999955e+02
6.500000000000000000e+05 8.506000000000000227e+02 3.775999999999999912e-01 4.589300000000000068e+02
7.000000000000000000e+05 8.071000000000000227e+02 3.532000000000000139e-01 5.192599999999999909e+02
8.000000000000000000e+05 7.421000000000000227e+02 3.131999999999999784e-01 6.484600000000000364e+02
9.000000000000000000e+05 6.812000000000000455e+02 2.816000000000000170e-01 7.891000000000000227e+02
1.000000000000000000e+06 6.283999999999999773e+02 2.560999999999999943e-01 9.419400000000000546e+02
1.100000000000000000e+06 5.841000000000000227e+02 2.349999999999999867e-01 1.110000000000000000e+03
1.200000000000000000e+06 5.465000000000000000e+02 2.172000000000000042e-01 1.280000000000000000e+03
1.300000000000000000e+06 5.140000000000000000e+02 2.020000000000000129e-01 1.470000000000000000e+03
1.400000000000000000e+06 4.856999999999999886e+02 1.889000000000000123e-01 1.670000000000000000e+03
1.500000000000000000e+06 4.608000000000000114e+02 1.774000000000000021e-01 1.880000000000000000e+03
1.600000000000000000e+06 4.386999999999999886e+02 1.673000000000000043e-01 2.110000000000000000e+03
1.700000000000000000e+06 4.190000000000000000e+02 1.584000000000000130e-01 2.340000000000000000e+03
1.800000000000000000e+06 4.013000000000000114e+02 1.504000000000000059e-01 2.580000000000000000e+03
2.000000000000000000e+06 3.706999999999999886e+02 1.365999999999999992e-01 3.100000000000000000e+03
2.250000000000000000e+06 3.396000000000000227e+02 1.227000000000000035e-01 3.810000000000000000e+03
2.500000000000000000e+06 3.141999999999999886e+02 1.115000000000000019e-01 4.570000000000000000e+03
2.750000000000000000e+06 2.931000000000000227e+02 1.021999999999999992e-01 5.400000000000000000e+03
3.000000000000000000e+06 2.751999999999999886e+02 9.442000000000000393e-02 6.280000000000000000e+03
3.250000000000000000e+06 2.600000000000000000e+02 8.777000000000000079e-02 7.210000000000000000e+03
3.500000000000000000e+06 2.468000000000000114e+02 8.201999999999999569e-02 8.200000000000000000e+03
3.750000000000000000e+06 2.351999999999999886e+02 7.700999999999999512e-02 9.240000000000000000e+03
4.000000000000000000e+06 2.250000000000000000e+02 7.259000000000000175e-02 1.032000000000000000e+04
4.500000000000000000e+06 2.079000000000000057e+02 6.517000000000000570e-02 1.263000000000000000e+04
5.000000000000000000e+06 1.940000000000000000e+02 5.918000000000000344e-02 1.512000000000000000e+04
5.500000000000000000e+06 1.825000000000000000e+02 5.423000000000000043e-02 1.778000000000000000e+04
6.000000000000000000e+06 1.729000000000000057e+02 5.006000000000000033e-02 2.060000000000000000e+04
6.500000000000000000e+06 1.646999999999999886e+02 4.651999999999999885e-02 2.356000000000000000e+04
7.000000000000000000e+06 1.576999999999999886e+02 4.345999999999999863e-02 2.666000000000000000e+04
8.000000000000000000e+06 1.461999999999999886e+02 3.844000000000000195e-02 3.325000000000000000e+04
9.000000000000000000e+06 1.371999999999999886e+02 3.448999999999999982e-02 4.031000000000000000e+04
1.000000000000000000e+07 1.300999999999999943e+02 3.130000000000000143e-02 4.780000000000000000e+04
