# Energy(keV)  dEe/dx(keV/micro_m)  dEn/dx(keV/micro_m)  x(micro_m)
1.100000000000000066e-03 1.181999999999999940e+00 8.813000000000000611e+00 1.000000000000000048e-04
1.199999999999999895e-03 1.181999999999999940e+00 9.310000000000000497e+00 1.000000000000000048e-04
1.300000000000000157e-03 1.229999999999999982e+00 9.789999999999999147e+00 1.000000000000000048e-04
1.399999999999999986e-03 1.276999999999999913e+00 1.025999999999999979e+01 1.000000000000000048e-04
1.500000000000000031e-03 1.320999999999999952e+00 1.071000000000000085e+01 1.000000000000000048e-04
1.600000000000000077e-03 1.364999999999999991e+00 1.115000000000000036e+01 1.000000000000000048e-04
1.699999999999999905e-03 1.407000000000000028e+00 1.157000000000000028e+01 1.000000000000000048e-04
1.800000000000000168e-03 1.447999999999999954e+00 1.199000000000000021e+01 1.000000000000000048e-04
2.000000000000000042e-03 1.526000000000000023e+00 1.278999999999999915e+01 1.000000000000000048e-04
2.250000000000000264e-03 1.618000000000000105e+00 1.375000000000000000e+01 1.000000000000000048e-04
2.499990000000000111e-03 1.705999999999999961e+00 1.466000000000000014e+01 2.000000000000000096e-04
2.749989999999999900e-03 1.788999999999999924e+00 1.552999999999999936e+01 2.000000000000000096e-04
2.999990000000000122e-03 1.868999999999999995e+00 1.635999999999999943e+01 2.000000000000000096e-04
3.249989999999999910e-03 1.945000000000000062e+00 1.717000000000000171e+01 2.000000000000000096e-04
3.499990000000000132e-03 2.017999999999999794e+00 1.794000000000000128e+01 2.000000000000000096e-04
3.749989999999999921e-03 2.088999999999999968e+00 1.869000000000000128e+01 2.000000000000000096e-04
3.999990000000000143e-03 2.157999999999999918e+00 1.942000000000000171e+01 2.000000000000000096e-04
4.499990000000000587e-03 2.289000000000000146e+00 2.082000000000000028e+01 2.000000000000000096e-04
4.999990000000000163e-03 2.412999999999999812e+00 2.214000000000000057e+01 2.000000000000000096e-04
5.499990000000000608e-03 2.529999999999999805e+00 2.339000000000000057e+01 2.000000000000000096e-04
5.999990000000000184e-03 2.642999999999999794e+00 2.460000000000000142e+01 2.000000000000000096e-04
6.499990000000000628e-03 2.750999999999999890e+00 2.575000000000000000e+01 2.000000000000000096e-04
6.999990000000000205e-03 2.854999999999999982e+00 2.685999999999999943e+01 2.000000000000000096e-04
7.999990000000000226e-03 3.052000000000000046e+00 2.896999999999999886e+01 2.000000000000000096e-04
8.999990000000001114e-03 3.237000000000000099e+00 3.094999999999999929e+01 3.000000000000000279e-04
9.999990000000000268e-03 3.411999999999999922e+00 3.282000000000000028e+01 3.000000000000000279e-04
1.099989999999999996e-02 3.577999999999999847e+00 3.459000000000000341e+01 3.000000000000000279e-04
1.199990000000000084e-02 3.737000000000000099e+00 3.627000000000000313e+01 3.000000000000000279e-04
1.299990000000000000e-02 3.890000000000000124e+00 3.789000000000000057e+01 3.000000000000000279e-04
1.399990000000000089e-02 4.036999999999999922e+00 3.942999999999999972e+01 3.000000000000000279e-04
1.499990000000000004e-02 4.179000000000000270e+00 4.092000000000000171e+01 3.000000000000000279e-04
1.599990000000000093e-02 4.315999999999999837e+00 4.235000000000000142e+01 3.000000000000000279e-04
1.699990000000000182e-02 4.448000000000000398e+00 4.372999999999999687e+01 3.000000000000000279e-04
1.799989999999999923e-02 4.576999999999999957e+00 4.507000000000000028e+01 3.000000000000000279e-04
1.999990000000000101e-02 4.825000000000000178e+00 4.763000000000000256e+01 4.000000000000000192e-04
2.249989999999999976e-02 5.118000000000000327e+00 5.061999999999999744e+01 4.000000000000000192e-04
2.499990000000000198e-02 5.394999999999999574e+00 5.342000000000000171e+01 4.000000000000000192e-04
2.749990000000000073e-02 5.658000000000000362e+00 5.604999999999999716e+01 4.000000000000000192e-04
2.999989999999999948e-02 5.908999999999999808e+00 5.854999999999999716e+01 4.000000000000000192e-04
3.249989999999999823e-02 6.150999999999999801e+00 6.092000000000000171e+01 5.000000000000000104e-04
3.499990000000000046e-02 6.383000000000000007e+00 6.317999999999999972e+01 5.000000000000000104e-04
3.749989999999999574e-02 6.607000000000000206e+00 6.534000000000000341e+01 5.000000000000000104e-04
3.999989999999999796e-02 6.823999999999999844e+00 6.740999999999999659e+01 5.000000000000000104e-04
4.499989999999999546e-02 7.238000000000000433e+00 7.131000000000000227e+01 5.000000000000000104e-04
4.999989999999999990e-02 7.628999999999999559e+00 7.493999999999999773e+01 6.000000000000000559e-04
5.499989999999999740e-02 8.000999999999999446e+00 7.832999999999999829e+01 6.000000000000000559e-04
5.999989999999999490e-02 8.356999999999999318e+00 8.151999999999999602e+01 6.000000000000000559e-04
6.499989999999999934e-02 8.698999999999999844e+00 8.453000000000000114e+01 6.000000000000000559e-04
6.999990000000000379e-02 9.026999999999999247e+00 8.737999999999999545e+01 6.999999999999999929e-04
7.999989999999999879e-02 9.650000000000000355e+00 9.267000000000000171e+01 6.999999999999999929e-04
8.999989999999999379e-02 1.024000000000000021e+01 9.751000000000000512e+01 8.000000000000000383e-04
9.999990000000000268e-02 1.078999999999999915e+01 1.020000000000000000e+02 8.000000000000000383e-04
1.100000000000000006e-01 1.132000000000000028e+01 1.060999999999999943e+02 8.000000000000000383e-04
1.199999999999999956e-01 1.182000000000000028e+01 1.099000000000000057e+02 9.000000000000000838e-04
1.300000000000000044e-01 1.230000000000000071e+01 1.135000000000000000e+02 9.000000000000000838e-04
1.399989999999999846e-01 1.276999999999999957e+01 1.169000000000000057e+02 1.000000000000000021e-03
1.499989999999999934e-01 1.321000000000000085e+01 1.200999999999999943e+02 1.000000000000000021e-03
1.599990000000000023e-01 1.365000000000000036e+01 1.232000000000000028e+02 1.000000000000000021e-03
1.699990000000000112e-01 1.407000000000000028e+01 1.260000000000000000e+02 1.100000000000000066e-03
1.799989999999999923e-01 1.448000000000000043e+01 1.288000000000000114e+02 1.100000000000000066e-03
1.999990000000000101e-01 1.525999999999999979e+01 1.339000000000000057e+02 1.200000000000000112e-03
2.249990000000000046e-01 1.617999999999999972e+01 1.396999999999999886e+02 1.300000000000000157e-03
2.499989999999999990e-01 1.705999999999999872e+01 1.450000000000000000e+02 1.300000000000000157e-03
2.749990000000000490e-01 1.789000000000000057e+01 1.498000000000000114e+02 1.399999999999999986e-03
2.999990000000000157e-01 1.869000000000000128e+01 1.541999999999999886e+02 1.500000000000000031e-03
3.249990000000000379e-01 1.944999999999999929e+01 1.583000000000000114e+02 1.600000000000000077e-03
3.499990000000000046e-01 2.017999999999999972e+01 1.620999999999999943e+02 1.600000000000000077e-03
3.749990000000000268e-01 2.089000000000000057e+01 1.655999999999999943e+02 1.700000000000000122e-03
3.999990000000000490e-01 2.157999999999999829e+01 1.690000000000000000e+02 1.800000000000000168e-03
4.499990000000000379e-01 2.289000000000000057e+01 1.750000000000000000e+02 1.899999999999999996e-03
4.999990000000000268e-01 2.412999999999999901e+01 1.804000000000000057e+02 2.100000000000000304e-03
5.499990000000000157e-01 2.530000000000000071e+01 1.853000000000000114e+02 2.200000000000000133e-03
5.999990000000000601e-01 2.642999999999999972e+01 1.896999999999999886e+02 2.299999999999999961e-03
6.499989999999999934e-01 2.751000000000000156e+01 1.936999999999999886e+02 2.400000000000000223e-03
6.999990000000000379e-01 2.855000000000000071e+01 1.973000000000000114e+02 2.600000000000000314e-03
7.999990000000000157e-01 3.051999999999999957e+01 2.038000000000000114e+02 2.799999999999999972e-03
8.999989999999999934e-01 3.236999999999999744e+01 2.094000000000000057e+02 3.100000000000000325e-03
9.999990000000000823e-01 3.411999999999999744e+01 2.143000000000000114e+02 3.299999999999999982e-03
1.100000000000000089e+00 3.578000000000000114e+01 2.185000000000000000e+02 3.500000000000000073e-03
1.199999999999999956e+00 3.738000000000000256e+01 2.223000000000000114e+02 3.700000000000000164e-03
1.300000000000000044e+00 3.889999999999999858e+01 2.255999999999999943e+02 4.000000000000000083e-03
1.399999999999999911e+00 4.036999999999999744e+01 2.285999999999999943e+02 4.200000000000000608e-03
1.500000000000000000e+00 4.178999999999999915e+01 2.313000000000000114e+02 4.400000000000000265e-03
1.600000000000000089e+00 4.315999999999999659e+01 2.336999999999999886e+02 4.599999999999999922e-03
1.699999999999999956e+00 4.449000000000000199e+01 2.359000000000000057e+02 4.800000000000000447e-03
1.800000000000000044e+00 4.577000000000000313e+01 2.379000000000000057e+02 5.000000000000000104e-03
2.000000000000000000e+00 4.825000000000000000e+01 2.413000000000000114e+02 5.500000000000000548e-03
2.250000000000000000e+00 5.117999999999999972e+01 2.448000000000000114e+02 6.000000000000000125e-03
2.500000000000000000e+00 5.395000000000000284e+01 2.475999999999999943e+02 6.500000000000000569e-03
2.750000000000000000e+00 5.657999999999999829e+01 2.498000000000000114e+02 7.000000000000000146e-03
3.000000000000000000e+00 5.910000000000000142e+01 2.515000000000000000e+02 7.500000000000000590e-03
3.250000000000000000e+00 6.150999999999999801e+01 2.529000000000000057e+02 8.000000000000000167e-03
3.500000000000000000e+00 6.382999999999999829e+01 2.540000000000000000e+02 8.500000000000000611e-03
3.750000000000000000e+00 6.606999999999999318e+01 2.548000000000000114e+02 9.000000000000001055e-03
4.000000000000000000e+00 6.823999999999999488e+01 2.554000000000000057e+02 9.499999999999999764e-03
4.500000000000000000e+00 7.237999999999999545e+01 2.560000000000000000e+02 1.050000000000000065e-02
5.000000000000000000e+00 7.629000000000000625e+01 2.561000000000000227e+02 1.149999999999999981e-02
5.500000000000000000e+00 8.001999999999999602e+01 2.558000000000000114e+02 1.250000000000000069e-02
6.000000000000000000e+00 8.356999999999999318e+01 2.550999999999999943e+02 1.349999999999999985e-02
6.500000000000000000e+00 8.698999999999999488e+01 2.541999999999999886e+02 1.440000000000000134e-02
7.000000000000000000e+00 9.026999999999999602e+01 2.530999999999999943e+02 1.540000000000000049e-02
8.000000000000000000e+00 9.650000000000000000e+01 2.505999999999999943e+02 1.740000000000000227e-02
9.000000000000000000e+00 1.024000000000000057e+02 2.476999999999999886e+02 1.940000000000000058e-02
1.000000000000000000e+01 1.079000000000000057e+02 2.445000000000000000e+02 2.129999999999999949e-02
1.100000000000000000e+01 1.132000000000000028e+02 2.413000000000000114e+02 2.330000000000000127e-02
1.200000000000000000e+01 1.182000000000000028e+02 2.380000000000000000e+02 2.529999999999999957e-02
1.300000000000000000e+01 1.230000000000000000e+02 2.346999999999999886e+02 2.730000000000000135e-02
1.400000000000000000e+01 1.277000000000000028e+02 2.314000000000000057e+02 2.930000000000000313e-02
1.500000000000000000e+01 1.320999999999999943e+02 2.281999999999999886e+02 3.130000000000000143e-02
1.600000000000000000e+01 1.365000000000000000e+02 2.250000000000000000e+02 3.330000000000000321e-02
1.700000000000000000e+01 1.406999999999999886e+02 2.219000000000000057e+02 3.530000000000000498e-02
1.800000000000000000e+01 1.448000000000000114e+02 2.189000000000000057e+02 3.729999999999999982e-02
2.000000000000000000e+01 1.525999999999999943e+02 2.130000000000000000e+02 4.139999999999999930e-02
2.250000000000000000e+01 1.618000000000000114e+02 2.060999999999999943e+02 4.649999999999999967e-02
2.500000000000000000e+01 1.705999999999999943e+02 1.996999999999999886e+02 5.160000000000000003e-02
2.750000000000000000e+01 1.789000000000000057e+02 1.935999999999999943e+02 5.670000000000000040e-02
3.000000000000000000e+01 1.869000000000000057e+02 1.880000000000000000e+02 6.190000000000000363e-02
3.250000000000000000e+01 1.948000000000000114e+02 1.826999999999999886e+02 6.700000000000000400e-02
3.500000000000000000e+01 2.031999999999999886e+02 1.778000000000000114e+02 7.220000000000000029e-02
3.750000000000000000e+01 2.109000000000000057e+02 1.731999999999999886e+02 7.730000000000000759e-02
4.000000000000000000e+01 2.180000000000000000e+02 1.688000000000000114e+02 8.240000000000000102e-02
4.500000000000000000e+01 2.308000000000000114e+02 1.608000000000000114e+02 9.270000000000000462e-02
5.000000000000000000e+01 2.421999999999999886e+02 1.535999999999999943e+02 1.029000000000000054e-01
5.500000000000000000e+01 2.524000000000000057e+02 1.471999999999999886e+02 1.131000000000000061e-01
6.000000000000000000e+01 2.618999999999999773e+02 1.414000000000000057e+02 1.234000000000000097e-01
6.500000000000000000e+01 2.708000000000000114e+02 1.360999999999999943e+02 1.335999999999999965e-01
7.000000000000000000e+01 2.791999999999999886e+02 1.311999999999999886e+02 1.438000000000000111e-01
8.000000000000000000e+01 2.948999999999999773e+02 1.225999999999999943e+02 1.640999999999999959e-01
9.000000000000000000e+01 3.093000000000000114e+02 1.152999999999999972e+02 1.843000000000000194e-01
1.000000000000000000e+02 3.228999999999999773e+02 1.089000000000000057e+02 2.043999999999999984e-01
1.100000000000000000e+02 3.356999999999999886e+02 1.032000000000000028e+02 2.242000000000000104e-01
1.200000000000000000e+02 3.480000000000000000e+02 9.826999999999999602e+01 2.439000000000000057e-01
1.300000000000000000e+02 3.598999999999999773e+02 9.381999999999999318e+01 2.635000000000000120e-01
1.400000000000000000e+02 3.715000000000000000e+02 8.981999999999999318e+01 2.827999999999999958e-01
1.500000000000000000e+02 3.828000000000000114e+02 8.618999999999999773e+01 3.018000000000000127e-01
1.600000000000000000e+02 3.940000000000000000e+02 8.289000000000000057e+01 3.207000000000000406e-01
1.700000000000000000e+02 4.050000000000000000e+02 7.987000000000000455e+01 3.394000000000000350e-01
1.800000000000000000e+02 4.158000000000000114e+02 7.709000000000000341e+01 3.578000000000000069e-01
2.000000000000000000e+02 4.371999999999999886e+02 7.215999999999999659e+01 3.939000000000000279e-01
2.250000000000000000e+02 4.636999999999999886e+02 6.692000000000000171e+01 4.378000000000000225e-01
2.500000000000000000e+02 4.898999999999999773e+02 6.247999999999999687e+01 4.802000000000000157e-01
2.750000000000000000e+02 5.158999999999999773e+02 5.867000000000000171e+01 5.211999999999999966e-01
3.000000000000000000e+02 5.417999999999999545e+02 5.535000000000000142e+01 5.609000000000000652e-01
3.250000000000000000e+02 5.676000000000000227e+02 5.242999999999999972e+01 5.993000000000000549e-01
3.500000000000000000e+02 5.932000000000000455e+02 4.984000000000000341e+01 6.364000000000000767e-01
3.750000000000000000e+02 6.187999999999999545e+02 4.752000000000000313e+01 6.723999999999999977e-01
4.000000000000000000e+02 6.442000000000000455e+02 4.543999999999999773e+01 7.072000000000000508e-01
4.500000000000000000e+02 6.946000000000000227e+02 4.182999999999999829e+01 7.738000000000000433e-01
5.000000000000000000e+02 7.443999999999999773e+02 3.881000000000000227e+01 8.366000000000000103e-01
5.500000000000000000e+02 7.933999999999999773e+02 3.624000000000000199e+01 8.960000000000000187e-01
6.000000000000000000e+02 8.415000000000000000e+02 3.403000000000000114e+01 9.524000000000000243e-01
6.500000000000000000e+02 8.887999999999999545e+02 3.209000000000000341e+01 1.010000000000000009e+00
7.000000000000000000e+02 9.351000000000000227e+02 3.039000000000000057e+01 1.060000000000000053e+00
8.000000000000000000e+02 1.025000000000000000e+03 2.751999999999999957e+01 1.149999999999999911e+00
9.000000000000000000e+02 1.110000000000000000e+03 2.519999999999999929e+01 1.239999999999999991e+00
1.000000000000000000e+03 1.191000000000000000e+03 2.326999999999999957e+01 1.330000000000000071e+00
1.100000000000000000e+03 1.267000000000000000e+03 2.164000000000000057e+01 1.399999999999999911e+00
1.200000000000000000e+03 1.340000000000000000e+03 2.023999999999999844e+01 1.479999999999999982e+00
1.300000000000000000e+03 1.408000000000000000e+03 1.903000000000000114e+01 1.550000000000000044e+00
1.400000000000000000e+03 1.472000000000000000e+03 1.796999999999999886e+01 1.620000000000000107e+00
1.500000000000000000e+03 1.533000000000000000e+03 1.703000000000000114e+01 1.679999999999999938e+00
1.600000000000000000e+03 1.589000000000000000e+03 1.619000000000000128e+01 1.739999999999999991e+00
1.700000000000000000e+03 1.643000000000000000e+03 1.543999999999999950e+01 1.800000000000000044e+00
1.800000000000000000e+03 1.692000000000000000e+03 1.475999999999999979e+01 1.860000000000000098e+00
2.000000000000000000e+03 1.783000000000000000e+03 1.358000000000000007e+01 1.979999999999999982e+00
2.250000000000000000e+03 1.880000000000000000e+03 1.236999999999999922e+01 2.109999999999999876e+00
2.500000000000000000e+03 1.962000000000000000e+03 1.136999999999999922e+01 2.240000000000000213e+00
2.750000000000000000e+03 2.031000000000000000e+03 1.052999999999999936e+01 2.359999999999999876e+00
3.000000000000000000e+03 2.087000000000000000e+03 9.817000000000000171e+00 2.479999999999999982e+00
3.250000000000000000e+03 2.134000000000000000e+03 9.201000000000000512e+00 2.600000000000000089e+00
3.500000000000000000e+03 2.173000000000000000e+03 8.663000000000000256e+00 2.709999999999999964e+00
3.750000000000000000e+03 2.204000000000000000e+03 8.189000000000000057e+00 2.830000000000000071e+00
4.000000000000000000e+03 2.230000000000000000e+03 7.767999999999999794e+00 2.939999999999999947e+00
4.500000000000000000e+03 2.266000000000000000e+03 7.052999999999999936e+00 3.160000000000000142e+00
5.000000000000000000e+03 2.287000000000000000e+03 6.466000000000000192e+00 3.379999999999999893e+00
5.500000000000000000e+03 2.298000000000000000e+03 5.975999999999999979e+00 3.600000000000000089e+00
6.000000000000000000e+03 2.301000000000000000e+03 5.559999999999999609e+00 3.810000000000000053e+00
6.500000000000000000e+03 2.299000000000000000e+03 5.200999999999999623e+00 4.030000000000000249e+00
7.000000000000000000e+03 2.293000000000000000e+03 4.889000000000000234e+00 4.250000000000000000e+00
8.000000000000000000e+03 2.273000000000000000e+03 4.371999999999999886e+00 4.679999999999999716e+00
9.000000000000000000e+03 2.246000000000000000e+03 3.959999999999999964e+00 5.120000000000000107e+00
1.000000000000000000e+04 2.217000000000000000e+03 3.623000000000000220e+00 5.570000000000000284e+00
1.100000000000000000e+04 2.185000000000000000e+03 3.342000000000000082e+00 6.019999999999999574e+00
1.200000000000000000e+04 2.153000000000000000e+03 3.104999999999999982e+00 6.480000000000000426e+00
1.300000000000000000e+04 2.122000000000000000e+03 2.899999999999999911e+00 6.950000000000000178e+00
1.400000000000000000e+04 2.090000000000000000e+03 2.722999999999999865e+00 7.419999999999999929e+00
1.500000000000000000e+04 2.059000000000000000e+03 2.567000000000000171e+00 7.900000000000000355e+00
1.600000000000000000e+04 2.029000000000000000e+03 2.428999999999999826e+00 8.390000000000000568e+00
1.700000000000000000e+04 2.000000000000000000e+03 2.306999999999999940e+00 8.890000000000000568e+00
1.800000000000000000e+04 1.971000000000000000e+03 2.196000000000000174e+00 9.390000000000000568e+00
2.000000000000000000e+04 1.916000000000000000e+03 2.005999999999999783e+00 1.041999999999999993e+01
2.250000000000000000e+04 1.852000000000000000e+03 1.812999999999999945e+00 1.174000000000000021e+01
2.500000000000000000e+04 1.792000000000000000e+03 1.655000000000000027e+00 1.310999999999999943e+01
2.750000000000000000e+04 1.736000000000000000e+03 1.524000000000000021e+00 1.452999999999999936e+01
3.000000000000000000e+04 1.683000000000000000e+03 1.413000000000000034e+00 1.599000000000000021e+01
3.250000000000000000e+04 1.636000000000000000e+03 1.318000000000000060e+00 1.750000000000000000e+01
3.500000000000000000e+04 1.597000000000000000e+03 1.235999999999999988e+00 1.903999999999999915e+01
3.750000000000000000e+04 1.551000000000000000e+03 1.163999999999999924e+00 2.062999999999999901e+01
4.000000000000000000e+04 1.505000000000000000e+03 1.100000000000000089e+00 2.226000000000000156e+01
4.500000000000000000e+04 1.426000000000000000e+03 9.925000000000000488e-01 2.567000000000000171e+01
5.000000000000000000e+04 1.355000000000000000e+03 9.050000000000000266e-01 2.926999999999999957e+01
5.500000000000000000e+04 1.291000000000000000e+03 8.325000000000000178e-01 3.304999999999999716e+01
6.000000000000000000e+04 1.232000000000000000e+03 7.711999999999999966e-01 3.700999999999999801e+01
6.500000000000000000e+04 1.179000000000000000e+03 7.187000000000000055e-01 4.114999999999999858e+01
7.000000000000000000e+04 1.131000000000000000e+03 6.733000000000000096e-01 4.547999999999999687e+01
8.000000000000000000e+04 1.045000000000000000e+03 5.985000000000000320e-01 5.467000000000000171e+01
9.000000000000000000e+04 9.720000000000000000e+02 5.393000000000000016e-01 6.459000000000000341e+01
1.000000000000000000e+05 9.086000000000000227e+02 4.912000000000000255e-01 7.523000000000000398e+01
1.100000000000000000e+05 8.532000000000000455e+02 4.514000000000000234e-01 8.657999999999999829e+01
1.200000000000000000e+05 8.043999999999999773e+02 4.178000000000000047e-01 9.865000000000000568e+01
1.300000000000000000e+05 7.612000000000000455e+02 3.891000000000000014e-01 1.114300000000000068e+02
1.400000000000000000e+05 7.225000000000000000e+02 3.643000000000000127e-01 1.249000000000000057e+02
1.500000000000000000e+05 6.877999999999999545e+02 3.425000000000000266e-01 1.390800000000000125e+02
1.600000000000000000e+05 6.563999999999999773e+02 3.234000000000000208e-01 1.539600000000000080e+02
1.700000000000000000e+05 6.280000000000000000e+02 3.063000000000000167e-01 1.695300000000000011e+02
1.800000000000000000e+05 6.020000000000000000e+02 2.911000000000000254e-01 1.857899999999999920e+02
2.000000000000000000e+05 5.563999999999999773e+02 2.649000000000000243e-01 2.203400000000000034e+02
2.250000000000000000e+05 5.086999999999999886e+02 2.384000000000000008e-01 2.673299999999999841e+02
2.500000000000000000e+05 4.688999999999999773e+02 2.169000000000000095e-01 3.185099999999999909e+02
2.750000000000000000e+05 4.351999999999999886e+02 1.990999999999999992e-01 3.738399999999999750e+02
3.000000000000000000e+05 4.061999999999999886e+02 1.841000000000000136e-01 4.332900000000000205e+02
3.250000000000000000e+05 3.810000000000000000e+02 1.713000000000000078e-01 4.968299999999999841e+02
3.500000000000000000e+05 3.586999999999999886e+02 1.602999999999999980e-01 5.644400000000000546e+02
3.750000000000000000e+05 3.390000000000000000e+02 1.506000000000000116e-01 6.361100000000000136e+02
4.000000000000000000e+05 3.213000000000000114e+02 1.421000000000000041e-01 7.118400000000000318e+02
4.500000000000000000e+05 2.910000000000000000e+02 1.277999999999999969e-01 8.753500000000000227e+02
5.000000000000000000e+05 2.663999999999999773e+02 1.161999999999999977e-01 1.050000000000000000e+03
5.500000000000000000e+05 2.469000000000000057e+02 1.066000000000000003e-01 1.250000000000000000e+03
6.000000000000000000e+05 2.304000000000000057e+02 9.848999999999999422e-02 1.460000000000000000e+03
6.500000000000000000e+05 2.161999999999999886e+02 9.160000000000000087e-02 1.680000000000000000e+03
7.000000000000000000e+05 2.038000000000000114e+02 8.563999999999999391e-02 1.920000000000000000e+03
8.000000000000000000e+05 1.834000000000000057e+02 7.585999999999999688e-02 2.440000000000000000e+03
9.000000000000000000e+05 1.671999999999999886e+02 6.815999999999999837e-02 3.010000000000000000e+03
1.000000000000000000e+06 1.540000000000000000e+02 6.192999999999999894e-02 3.630000000000000000e+03
1.100000000000000000e+06 1.430999999999999943e+02 5.677999999999999714e-02 4.310000000000000000e+03
1.200000000000000000e+06 1.338000000000000114e+02 5.244999999999999662e-02 5.030000000000000000e+03
1.300000000000000000e+06 1.259000000000000057e+02 4.875999999999999779e-02 5.800000000000000000e+03
1.400000000000000000e+06 1.190000000000000000e+02 4.556999999999999940e-02 6.620000000000000000e+03
1.500000000000000000e+06 1.130000000000000000e+02 4.279000000000000165e-02 7.480000000000000000e+03
1.600000000000000000e+06 1.077000000000000028e+02 4.034000000000000086e-02 8.390000000000000000e+03
1.700000000000000000e+06 1.030000000000000000e+02 3.815999999999999948e-02 9.330000000000000000e+03
1.800000000000000000e+06 9.878000000000000114e+01 3.622000000000000219e-02 1.033000000000000000e+04
2.000000000000000000e+06 9.154000000000000625e+01 3.289000000000000257e-02 1.243000000000000000e+04
2.250000000000000000e+06 8.421999999999999886e+01 2.952000000000000110e-02 1.528000000000000000e+04
2.500000000000000000e+06 7.829999999999999716e+01 2.680000000000000090e-02 1.835000000000000000e+04
2.750000000000000000e+06 7.342000000000000171e+01 2.455999999999999850e-02 2.165000000000000000e+04
3.000000000000000000e+06 6.931000000000000227e+01 2.266999999999999918e-02 2.516000000000000000e+04
3.250000000000000000e+06 6.581999999999999318e+01 2.106999999999999845e-02 2.886000000000000000e+04
3.500000000000000000e+06 6.281000000000000227e+01 1.967999999999999958e-02 3.274000000000000364e+04
3.750000000000000000e+06 6.020000000000000284e+01 1.847000000000000031e-02 3.681000000000000000e+04
4.000000000000000000e+06 5.789999999999999858e+01 1.739999999999999880e-02 4.104000000000000000e+04
4.500000000000000000e+06 5.406000000000000227e+01 1.562000000000000020e-02 4.998000000000000000e+04
5.000000000000000000e+06 5.097999999999999687e+01 1.417000000000000030e-02 5.950000000000000000e+04
5.500000000000000000e+06 4.846000000000000085e+01 1.298000000000000022e-02 6.956000000000000000e+04
6.000000000000000000e+06 4.636999999999999744e+01 1.197999999999999933e-02 8.011000000000000000e+04
6.500000000000000000e+06 4.460000000000000142e+01 1.111999999999999968e-02 9.110000000000000000e+04
7.000000000000000000e+06 4.310000000000000142e+01 1.038999999999999993e-02 1.025100000000000000e+05
8.000000000000000000e+06 4.067000000000000171e+01 9.181999999999999190e-03 1.263900000000000000e+05
9.000000000000000000e+06 3.881000000000000227e+01 8.234000000000000000e-03 1.515600000000000000e+05
1.000000000000000000e+07 3.735999999999999943e+01 7.468999999999999945e-03 1.778200000000000000e+05
