# Energy(keV)  dEe/dx(keV/micro_m)  dEn/dx(keV/micro_m)  x(micro_m)
1.100000000000000066e-03 7.667000000000000481e-01 8.843999999999999417e+00 1.000000000000000048e-04
1.199999999999999895e-03 7.667000000000000481e-01 9.342999999999999972e+00 1.000000000000000048e-04
1.300000000000000157e-03 7.980000000000000426e-01 9.826000000000000512e+00 1.000000000000000048e-04
1.399999999999999986e-03 8.280999999999999472e-01 1.028999999999999915e+01 1.000000000000000048e-04
1.500000000000000031e-03 8.570999999999999730e-01 1.075000000000000000e+01 1.000000000000000048e-04
1.600000000000000077e-03 8.852999999999999758e-01 1.118999999999999950e+01 1.000000000000000048e-04
1.699999999999999905e-03 9.124999999999999778e-01 1.160999999999999943e+01 1.000000000000000048e-04
1.800000000000000168e-03 9.389999999999999458e-01 1.202999999999999936e+01 1.000000000000000048e-04
2.000000000000000042e-03 9.898000000000000131e-01 1.283999999999999986e+01 1.000000000000000048e-04
2.250000000000000264e-03 1.050000000000000044e+00 1.380000000000000071e+01 1.000000000000000048e-04
2.499990000000000111e-03 1.106999999999999984e+00 1.471000000000000085e+01 2.000000000000000096e-04
2.749989999999999900e-03 1.161000000000000032e+00 1.558999999999999986e+01 2.000000000000000096e-04
2.999990000000000122e-03 1.211999999999999966e+00 1.642000000000000171e+01 2.000000000000000096e-04
3.249989999999999910e-03 1.262000000000000011e+00 1.723000000000000043e+01 2.000000000000000096e-04
3.499990000000000132e-03 1.308999999999999941e+00 1.801000000000000156e+01 2.000000000000000096e-04
3.749989999999999921e-03 1.354999999999999982e+00 1.876000000000000156e+01 2.000000000000000096e-04
3.999990000000000143e-03 1.399999999999999911e+00 1.948999999999999844e+01 2.000000000000000096e-04
4.499990000000000587e-03 1.485000000000000098e+00 2.089000000000000057e+01 2.000000000000000096e-04
4.999990000000000163e-03 1.564999999999999947e+00 2.221999999999999886e+01 2.000000000000000096e-04
5.499990000000000608e-03 1.641000000000000014e+00 2.348000000000000043e+01 2.000000000000000096e-04
5.999990000000000184e-03 1.713999999999999968e+00 2.469000000000000128e+01 2.000000000000000096e-04
6.499990000000000628e-03 1.784000000000000030e+00 2.585000000000000142e+01 2.000000000000000096e-04
6.999990000000000205e-03 1.852000000000000091e+00 2.696000000000000085e+01 2.000000000000000096e-04
7.999990000000000226e-03 1.979999999999999982e+00 2.907999999999999829e+01 2.000000000000000096e-04
8.999990000000001114e-03 2.100000000000000089e+00 3.105999999999999872e+01 3.000000000000000279e-04
9.999990000000000268e-03 2.213000000000000078e+00 3.293999999999999773e+01 3.000000000000000279e-04
1.099989999999999996e-02 2.321000000000000174e+00 3.471000000000000085e+01 3.000000000000000279e-04
1.199990000000000084e-02 2.423999999999999932e+00 3.640999999999999659e+01 3.000000000000000279e-04
1.299990000000000000e-02 2.523000000000000131e+00 3.802000000000000313e+01 3.000000000000000279e-04
1.399990000000000089e-02 2.619000000000000217e+00 3.957999999999999829e+01 3.000000000000000279e-04
1.499990000000000004e-02 2.710999999999999854e+00 4.107000000000000028e+01 3.000000000000000279e-04
1.599990000000000093e-02 2.798999999999999932e+00 4.250999999999999801e+01 3.000000000000000279e-04
1.699990000000000182e-02 2.886000000000000121e+00 4.389000000000000057e+01 3.000000000000000279e-04
1.799989999999999923e-02 2.968999999999999861e+00 4.524000000000000199e+01 4.000000000000000192e-04
1.999990000000000101e-02 3.129999999999999893e+00 4.779999999999999716e+01 4.000000000000000192e-04
2.249989999999999976e-02 3.319999999999999840e+00 5.079999999999999716e+01 4.000000000000000192e-04
2.499990000000000198e-02 3.499000000000000110e+00 5.360999999999999943e+01 4.000000000000000192e-04
2.749990000000000073e-02 3.669999999999999929e+00 5.625999999999999801e+01 4.000000000000000192e-04
2.999989999999999948e-02 3.833000000000000185e+00 5.875999999999999801e+01 4.000000000000000192e-04
3.249989999999999823e-02 3.990000000000000213e+00 6.114000000000000057e+01 5.000000000000000104e-04
3.499990000000000046e-02 4.141000000000000014e+00 6.340999999999999659e+01 5.000000000000000104e-04
3.749989999999999574e-02 4.285999999999999588e+00 6.557999999999999829e+01 5.000000000000000104e-04
3.999989999999999796e-02 4.426000000000000156e+00 6.765000000000000568e+01 5.000000000000000104e-04
4.499989999999999546e-02 4.695000000000000284e+00 7.156999999999999318e+01 5.000000000000000104e-04
4.999989999999999990e-02 4.948999999999999844e+00 7.520999999999999375e+01 6.000000000000000559e-04
5.499989999999999740e-02 5.190000000000000391e+00 7.860999999999999943e+01 6.000000000000000559e-04
5.999989999999999490e-02 5.421000000000000263e+00 8.181000000000000227e+01 6.000000000000000559e-04
6.499989999999999934e-02 5.642999999999999794e+00 8.482999999999999829e+01 6.000000000000000559e-04
6.999990000000000379e-02 5.855999999999999872e+00 8.768999999999999773e+01 6.999999999999999929e-04
7.999989999999999879e-02 6.259999999999999787e+00 9.301000000000000512e+01 6.999999999999999929e-04
8.999989999999999379e-02 6.639999999999999680e+00 9.785999999999999943e+01 8.000000000000000383e-04
9.999990000000000268e-02 6.998999999999999666e+00 1.022999999999999972e+02 8.000000000000000383e-04
1.100000000000000006e-01 7.339999999999999858e+00 1.065000000000000000e+02 9.000000000000000838e-04
1.199999999999999956e-01 7.666999999999999815e+00 1.102999999999999972e+02 9.000000000000000838e-04
1.300000000000000044e-01 7.980000000000000426e+00 1.139000000000000057e+02 9.000000000000000838e-04
1.399989999999999846e-01 8.281000000000000583e+00 1.174000000000000057e+02 1.000000000000000021e-03
1.499989999999999934e-01 8.571999999999999176e+00 1.205999999999999943e+02 1.000000000000000021e-03
1.599990000000000023e-01 8.852999999999999758e+00 1.235999999999999943e+02 1.100000000000000066e-03
1.699990000000000112e-01 9.125000000000000000e+00 1.265000000000000000e+02 1.100000000000000066e-03
1.799989999999999923e-01 9.390000000000000568e+00 1.293000000000000114e+02 1.100000000000000066e-03
1.999990000000000101e-01 9.897999999999999687e+00 1.344000000000000057e+02 1.200000000000000112e-03
2.249990000000000046e-01 1.050000000000000000e+01 1.401999999999999886e+02 1.300000000000000157e-03
2.499989999999999990e-01 1.107000000000000028e+01 1.455000000000000000e+02 1.399999999999999986e-03
2.749990000000000490e-01 1.160999999999999943e+01 1.503000000000000114e+02 1.399999999999999986e-03
2.999990000000000157e-01 1.211999999999999922e+01 1.548000000000000114e+02 1.500000000000000031e-03
3.249990000000000379e-01 1.261999999999999922e+01 1.589000000000000057e+02 1.600000000000000077e-03
3.499990000000000046e-01 1.308999999999999986e+01 1.626999999999999886e+02 1.700000000000000122e-03
3.749990000000000268e-01 1.355000000000000071e+01 1.661999999999999886e+02 1.700000000000000122e-03
3.999990000000000490e-01 1.400000000000000000e+01 1.695999999999999943e+02 1.800000000000000168e-03
4.499990000000000379e-01 1.484999999999999964e+01 1.755999999999999943e+02 2.000000000000000042e-03
4.999990000000000268e-01 1.565000000000000036e+01 1.810999999999999943e+02 2.100000000000000304e-03
5.499990000000000157e-01 1.641000000000000014e+01 1.859000000000000057e+02 2.200000000000000133e-03
5.999990000000000601e-01 1.714000000000000057e+01 1.903000000000000114e+02 2.400000000000000223e-03
6.499989999999999934e-01 1.783999999999999986e+01 1.944000000000000057e+02 2.500000000000000052e-03
6.999990000000000379e-01 1.851999999999999957e+01 1.980999999999999943e+02 2.600000000000000314e-03
7.999990000000000157e-01 1.980000000000000071e+01 2.045999999999999943e+02 2.900000000000000234e-03
8.999989999999999934e-01 2.100000000000000000e+01 2.101999999999999886e+02 3.100000000000000325e-03
9.999990000000000823e-01 2.212999999999999901e+01 2.150999999999999943e+02 3.400000000000000244e-03
1.100000000000000089e+00 2.321000000000000085e+01 2.193000000000000114e+02 3.600000000000000335e-03
1.199999999999999956e+00 2.425000000000000000e+01 2.230999999999999943e+02 3.799999999999999992e-03
1.300000000000000044e+00 2.523999999999999844e+01 2.265000000000000000e+02 4.100000000000000346e-03
1.399999999999999911e+00 2.619000000000000128e+01 2.295000000000000000e+02 4.300000000000000003e-03
1.500000000000000000e+00 2.710999999999999943e+01 2.321999999999999886e+02 4.500000000000000527e-03
1.600000000000000089e+00 2.800000000000000000e+01 2.345999999999999943e+02 4.700000000000000185e-03
1.699999999999999956e+00 2.885999999999999943e+01 2.368000000000000114e+02 5.000000000000000104e-03
1.800000000000000044e+00 2.969999999999999929e+01 2.388000000000000114e+02 5.200000000000000629e-03
2.000000000000000000e+00 3.130000000000000071e+01 2.421999999999999886e+02 5.599999999999999943e-03
2.250000000000000000e+00 3.320000000000000284e+01 2.456999999999999886e+02 6.200000000000000649e-03
2.500000000000000000e+00 3.500000000000000000e+01 2.485000000000000000e+02 6.700000000000000226e-03
2.750000000000000000e+00 3.671000000000000085e+01 2.506999999999999886e+02 7.200000000000000670e-03
3.000000000000000000e+00 3.834000000000000341e+01 2.525000000000000000e+02 7.800000000000000509e-03
3.250000000000000000e+00 3.990999999999999659e+01 2.538000000000000114e+02 8.300000000000000086e-03
3.500000000000000000e+00 4.140999999999999659e+01 2.549000000000000057e+02 8.800000000000000530e-03
3.750000000000000000e+00 4.286999999999999744e+01 2.556999999999999886e+02 9.300000000000000974e-03
4.000000000000000000e+00 4.427000000000000313e+01 2.563000000000000114e+02 9.900000000000000813e-03
4.500000000000000000e+00 4.696000000000000085e+01 2.570000000000000000e+02 1.089999999999999997e-02
5.000000000000000000e+00 4.950000000000000000e+01 2.570000000000000000e+02 1.200000000000000025e-02
5.500000000000000000e+00 5.192000000000000171e+01 2.566999999999999886e+02 1.300000000000000114e-02
6.000000000000000000e+00 5.422999999999999687e+01 2.561000000000000227e+02 1.410000000000000142e-02
6.500000000000000000e+00 5.643999999999999773e+01 2.551999999999999886e+02 1.510000000000000057e-02
7.000000000000000000e+00 5.857000000000000028e+01 2.540999999999999943e+02 1.619999999999999912e-02
8.000000000000000000e+00 6.261999999999999744e+01 2.515000000000000000e+02 1.830000000000000029e-02
9.000000000000000000e+00 6.642000000000000171e+01 2.485999999999999943e+02 2.040000000000000147e-02
1.000000000000000000e+01 7.001999999999999602e+01 2.454000000000000057e+02 2.260000000000000203e-02
1.100000000000000000e+01 7.343000000000000682e+01 2.421999999999999886e+02 2.469999999999999973e-02
1.200000000000000000e+01 7.670000000000000284e+01 2.389000000000000057e+02 2.690000000000000030e-02
1.300000000000000000e+01 7.984000000000000341e+01 2.355999999999999943e+02 2.910000000000000087e-02
1.400000000000000000e+01 8.284999999999999432e+01 2.323000000000000114e+02 3.130000000000000143e-02
1.500000000000000000e+01 8.576000000000000512e+01 2.290000000000000000e+02 3.360000000000000486e-02
1.600000000000000000e+01 8.856999999999999318e+01 2.259000000000000057e+02 3.579999999999999849e-02
1.700000000000000000e+01 9.129999999999999716e+01 2.226999999999999886e+02 3.810000000000000192e-02
1.800000000000000000e+01 9.395000000000000284e+01 2.196999999999999886e+02 4.040000000000000535e-02
2.000000000000000000e+01 9.904000000000000625e+01 2.138000000000000114e+02 4.500000000000000527e-02
2.250000000000000000e+01 1.050000000000000000e+02 2.069000000000000057e+02 5.080000000000000487e-02
2.500000000000000000e+01 1.107000000000000028e+02 2.004000000000000057e+02 5.670000000000000040e-02
2.750000000000000000e+01 1.160999999999999943e+02 1.944000000000000057e+02 6.270000000000000573e-02
3.000000000000000000e+01 1.212999999999999972e+02 1.886999999999999886e+02 6.869999999999999718e-02
3.250000000000000000e+01 1.264000000000000057e+02 1.834000000000000057e+02 7.470000000000000251e-02
3.500000000000000000e+01 1.319000000000000057e+02 1.785000000000000000e+02 8.089999999999999969e-02
3.750000000000000000e+01 1.369000000000000057e+02 1.738000000000000114e+02 8.700000000000000788e-02
4.000000000000000000e+01 1.415000000000000000e+02 1.694000000000000057e+02 9.320000000000000506e-02
4.500000000000000000e+01 1.499000000000000057e+02 1.614000000000000057e+02 1.055999999999999994e-01
5.000000000000000000e+01 1.573000000000000114e+02 1.541999999999999886e+02 1.181999999999999995e-01
5.500000000000000000e+01 1.639000000000000057e+02 1.478000000000000114e+02 1.307999999999999996e-01
6.000000000000000000e+01 1.700999999999999943e+02 1.419000000000000057e+02 1.436000000000000054e-01
6.500000000000000000e+01 1.759000000000000057e+02 1.365999999999999943e+02 1.564000000000000112e-01
7.000000000000000000e+01 1.814000000000000057e+02 1.316999999999999886e+02 1.693000000000000060e-01
8.000000000000000000e+01 1.915000000000000000e+02 1.230999999999999943e+02 1.953000000000000014e-01
9.000000000000000000e+01 2.010000000000000000e+02 1.157000000000000028e+02 2.214000000000000135e-01
1.000000000000000000e+02 2.098000000000000114e+02 1.092999999999999972e+02 2.476000000000000145e-01
1.100000000000000000e+02 2.181999999999999886e+02 1.035999999999999943e+02 2.737999999999999878e-01
1.200000000000000000e+02 2.261999999999999886e+02 9.864000000000000057e+01 2.998999999999999999e-01
1.300000000000000000e+02 2.339000000000000057e+02 9.417000000000000171e+01 3.260000000000000120e-01
1.400000000000000000e+02 2.415000000000000000e+02 9.015999999999999659e+01 3.520000000000000351e-01
1.500000000000000000e+02 2.489000000000000057e+02 8.651999999999999602e+01 3.778000000000000247e-01
1.600000000000000000e+02 2.561999999999999886e+02 8.320000000000000284e+01 4.035000000000000253e-01
1.700000000000000000e+02 2.633000000000000114e+02 8.017000000000000171e+01 4.290000000000000480e-01
1.800000000000000000e+02 2.703999999999999773e+02 7.737999999999999545e+01 4.543000000000000371e-01
2.000000000000000000e+02 2.843999999999999773e+02 7.243000000000000682e+01 5.044000000000000705e-01
2.250000000000000000e+02 3.016999999999999886e+02 6.717000000000000171e+01 5.655999999999999917e-01
2.500000000000000000e+02 3.188000000000000114e+02 6.271999999999999886e+01 6.253000000000000780e-01
2.750000000000000000e+02 3.358999999999999773e+02 5.889000000000000057e+01 6.834000000000000075e-01
3.000000000000000000e+02 3.528000000000000114e+02 5.556000000000000227e+01 7.399999999999999911e-01
3.250000000000000000e+02 3.696999999999999886e+02 5.263000000000000256e+01 7.950000000000000400e-01
3.500000000000000000e+02 3.865000000000000000e+02 5.003000000000000114e+01 8.484000000000000430e-01
3.750000000000000000e+02 4.033000000000000114e+02 4.770000000000000284e+01 9.004000000000000892e-01
4.000000000000000000e+02 4.200000000000000000e+02 4.560999999999999943e+01 9.509000000000000785e-01
4.500000000000000000e+02 4.531999999999999886e+02 4.199000000000000199e+01 1.050000000000000044e+00
5.000000000000000000e+02 4.858999999999999773e+02 3.896000000000000085e+01 1.139999999999999902e+00
5.500000000000000000e+02 5.182000000000000455e+02 3.638000000000000256e+01 1.229999999999999982e+00
6.000000000000000000e+02 5.501000000000000227e+02 3.414999999999999858e+01 1.310000000000000053e+00
6.500000000000000000e+02 5.813999999999999773e+02 3.221999999999999886e+01 1.389999999999999902e+00
7.000000000000000000e+02 6.121000000000000227e+02 3.051000000000000156e+01 1.469999999999999973e+00
8.000000000000000000e+02 6.716000000000000227e+02 2.762999999999999901e+01 1.610000000000000098e+00
9.000000000000000000e+02 7.287000000000000455e+02 2.528999999999999915e+01 1.739999999999999991e+00
1.000000000000000000e+03 7.831000000000000227e+02 2.335999999999999943e+01 1.870000000000000107e+00
1.100000000000000000e+03 8.350000000000000000e+02 2.171999999999999886e+01 1.979999999999999982e+00
1.200000000000000000e+03 8.842999999999999545e+02 2.032000000000000028e+01 2.089999999999999858e+00
1.300000000000000000e+03 9.312999999999999545e+02 1.910000000000000142e+01 2.200000000000000178e+00
1.400000000000000000e+03 9.757999999999999545e+02 1.803999999999999915e+01 2.299999999999999822e+00
1.500000000000000000e+03 1.018000000000000000e+03 1.710000000000000142e+01 2.399999999999999911e+00
1.600000000000000000e+03 1.058000000000000000e+03 1.626000000000000156e+01 2.490000000000000213e+00
1.700000000000000000e+03 1.097000000000000000e+03 1.550000000000000000e+01 2.580000000000000071e+00
1.800000000000000000e+03 1.133000000000000000e+03 1.482000000000000028e+01 2.669999999999999929e+00
2.000000000000000000e+03 1.200000000000000000e+03 1.364000000000000057e+01 2.830000000000000071e+00
2.250000000000000000e+03 1.275000000000000000e+03 1.241999999999999993e+01 3.029999999999999805e+00
2.500000000000000000e+03 1.342000000000000000e+03 1.141000000000000014e+01 3.220000000000000195e+00
2.750000000000000000e+03 1.402000000000000000e+03 1.057000000000000028e+01 3.399999999999999911e+00
3.000000000000000000e+03 1.455000000000000000e+03 9.855000000000000426e+00 3.569999999999999840e+00
3.250000000000000000e+03 1.504000000000000000e+03 9.236000000000000654e+00 3.740000000000000213e+00
3.500000000000000000e+03 1.549000000000000000e+03 8.695999999999999730e+00 3.899999999999999911e+00
3.750000000000000000e+03 1.590000000000000000e+03 8.220000000000000639e+00 4.049999999999999822e+00
4.000000000000000000e+03 1.629000000000000000e+03 7.798000000000000043e+00 4.209999999999999964e+00
4.500000000000000000e+03 1.699000000000000000e+03 7.080000000000000071e+00 4.509999999999999787e+00
5.000000000000000000e+03 1.762000000000000000e+03 6.490999999999999659e+00 4.790000000000000036e+00
5.500000000000000000e+03 1.819000000000000000e+03 5.998999999999999666e+00 5.070000000000000284e+00
6.000000000000000000e+03 1.870000000000000000e+03 5.581000000000000405e+00 5.339999999999999858e+00
6.500000000000000000e+03 1.916000000000000000e+03 5.221000000000000085e+00 5.599999999999999645e+00
7.000000000000000000e+03 1.957000000000000000e+03 4.908000000000000362e+00 5.860000000000000320e+00
8.000000000000000000e+03 2.020000000000000000e+03 4.389000000000000234e+00 6.360000000000000320e+00
9.000000000000000000e+03 2.061000000000000000e+03 3.975000000000000089e+00 6.849999999999999645e+00
1.000000000000000000e+04 2.084000000000000000e+03 3.637000000000000011e+00 7.330000000000000071e+00
1.100000000000000000e+04 2.091000000000000000e+03 3.354999999999999982e+00 7.799999999999999822e+00
1.200000000000000000e+04 2.087000000000000000e+03 3.116000000000000103e+00 8.279999999999999361e+00
1.300000000000000000e+04 2.075000000000000000e+03 2.911000000000000032e+00 8.759999999999999787e+00
1.400000000000000000e+04 2.058000000000000000e+03 2.733000000000000096e+00 9.240000000000000213e+00
1.500000000000000000e+04 2.037000000000000000e+03 2.576999999999999957e+00 9.730000000000000426e+00
1.600000000000000000e+04 2.015000000000000000e+03 2.439000000000000057e+00 1.022000000000000064e+01
1.700000000000000000e+04 1.991000000000000000e+03 2.314999999999999947e+00 1.072000000000000064e+01
1.800000000000000000e+04 1.966000000000000000e+03 2.205000000000000071e+00 1.122000000000000064e+01
2.000000000000000000e+04 1.916000000000000000e+03 2.013999999999999790e+00 1.225000000000000000e+01
2.250000000000000000e+04 1.855000000000000000e+03 1.818999999999999950e+00 1.358000000000000007e+01
2.500000000000000000e+04 1.796000000000000000e+03 1.661000000000000032e+00 1.493999999999999950e+01
2.750000000000000000e+04 1.741000000000000000e+03 1.530000000000000027e+00 1.635999999999999943e+01
3.000000000000000000e+04 1.689000000000000000e+03 1.419000000000000039e+00 1.780999999999999872e+01
3.250000000000000000e+04 1.642000000000000000e+03 1.322999999999999954e+00 1.930999999999999872e+01
3.500000000000000000e+04 1.602000000000000000e+03 1.241000000000000103e+00 2.085000000000000142e+01
3.750000000000000000e+04 1.556000000000000000e+03 1.167999999999999927e+00 2.242999999999999972e+01
4.000000000000000000e+04 1.511000000000000000e+03 1.104000000000000092e+00 2.405999999999999872e+01
4.500000000000000000e+04 1.431000000000000000e+03 9.962999999999999634e-01 2.746000000000000085e+01
5.000000000000000000e+04 1.360000000000000000e+03 9.084999999999999742e-01 3.103999999999999915e+01
5.500000000000000000e+04 1.295000000000000000e+03 8.356000000000000094e-01 3.481000000000000227e+01
6.000000000000000000e+04 1.237000000000000000e+03 7.741000000000000103e-01 3.875000000000000000e+01
6.500000000000000000e+04 1.184000000000000000e+03 7.215000000000000302e-01 4.288000000000000256e+01
7.000000000000000000e+04 1.135000000000000000e+03 6.758999999999999453e-01 4.718999999999999773e+01
8.000000000000000000e+04 1.049000000000000000e+03 6.007000000000000117e-01 5.635000000000000142e+01
9.000000000000000000e+04 9.756000000000000227e+02 5.413000000000000034e-01 6.623000000000000398e+01
1.000000000000000000e+05 9.118999999999999773e+02 4.930999999999999828e-01 7.682999999999999829e+01
1.100000000000000000e+05 8.563999999999999773e+02 4.531000000000000028e-01 8.814000000000000057e+01
1.200000000000000000e+05 8.073999999999999773e+02 4.193999999999999950e-01 1.001700000000000017e+02
1.300000000000000000e+05 7.640000000000000000e+02 3.906000000000000028e-01 1.128900000000000006e+02
1.400000000000000000e+05 7.252000000000000455e+02 3.657000000000000250e-01 1.263199999999999932e+02
1.500000000000000000e+05 6.903999999999999773e+02 3.437999999999999945e-01 1.404499999999999886e+02
1.600000000000000000e+05 6.588999999999999773e+02 3.245999999999999996e-01 1.552700000000000102e+02
1.700000000000000000e+05 6.302999999999999545e+02 3.074999999999999956e-01 1.707800000000000011e+02
1.800000000000000000e+05 6.042999999999999545e+02 2.922000000000000153e-01 1.869799999999999898e+02
2.000000000000000000e+05 5.583999999999999773e+02 2.659000000000000252e-01 2.214000000000000057e+02
2.250000000000000000e+05 5.106000000000000227e+02 2.393000000000000127e-01 2.682099999999999795e+02
2.500000000000000000e+05 4.706999999999999886e+02 2.177000000000000046e-01 3.191999999999999886e+02
2.750000000000000000e+05 4.368000000000000114e+02 1.998999999999999944e-01 3.743299999999999841e+02
3.000000000000000000e+05 4.076999999999999886e+02 1.847999999999999921e-01 4.335500000000000114e+02
3.250000000000000000e+05 3.823999999999999773e+02 1.719999999999999862e-01 4.968500000000000227e+02
3.500000000000000000e+05 3.601000000000000227e+02 1.608999999999999875e-01 5.642100000000000364e+02
3.750000000000000000e+05 3.403000000000000114e+02 1.512000000000000011e-01 6.356100000000000136e+02
4.000000000000000000e+05 3.226000000000000227e+02 1.426000000000000045e-01 7.110499999999999545e+02
4.500000000000000000e+05 2.921000000000000227e+02 1.282999999999999974e-01 8.739500000000000455e+02
5.000000000000000000e+05 2.673999999999999773e+02 1.165999999999999953e-01 1.050000000000000000e+03
5.500000000000000000e+05 2.479000000000000057e+02 1.069999999999999979e-01 1.250000000000000000e+03
6.000000000000000000e+05 2.313000000000000114e+02 9.886000000000000343e-02 1.460000000000000000e+03
6.500000000000000000e+05 2.170000000000000000e+02 9.193999999999999395e-02 1.680000000000000000e+03
7.000000000000000000e+05 2.045999999999999943e+02 8.597000000000000475e-02 1.920000000000000000e+03
8.000000000000000000e+05 1.840999999999999943e+02 7.614999999999999547e-02 2.430000000000000000e+03
9.000000000000000000e+05 1.678000000000000114e+02 6.841999999999999471e-02 3.000000000000000000e+03
1.000000000000000000e+06 1.545999999999999943e+02 6.215999999999999998e-02 3.620000000000000000e+03
1.100000000000000000e+06 1.435999999999999943e+02 5.700000000000000205e-02 4.290000000000000000e+03
1.200000000000000000e+06 1.343000000000000114e+02 5.265000000000000235e-02 5.010000000000000000e+03
1.300000000000000000e+06 1.262999999999999972e+02 4.893999999999999739e-02 5.780000000000000000e+03
1.400000000000000000e+06 1.195000000000000000e+02 4.574000000000000288e-02 6.590000000000000000e+03
1.500000000000000000e+06 1.134000000000000057e+02 4.295000000000000207e-02 7.450000000000000000e+03
1.600000000000000000e+06 1.080999999999999943e+02 4.048999999999999821e-02 8.360000000000000000e+03
1.700000000000000000e+06 1.034000000000000057e+02 3.830999999999999683e-02 9.300000000000000000e+03
1.800000000000000000e+06 9.915000000000000568e+01 3.635000000000000037e-02 1.029000000000000000e+04
2.000000000000000000e+06 9.189000000000000057e+01 3.300999999999999768e-02 1.238000000000000000e+04
2.250000000000000000e+06 8.454000000000000625e+01 2.963999999999999968e-02 1.522000000000000000e+04
2.500000000000000000e+06 7.859999999999999432e+01 2.690999999999999989e-02 1.829000000000000000e+04
2.750000000000000000e+06 7.368999999999999773e+01 2.464999999999999830e-02 2.157000000000000000e+04
3.000000000000000000e+06 6.956999999999999318e+01 2.275999999999999898e-02 2.506000000000000000e+04
3.250000000000000000e+06 6.606999999999999318e+01 2.114999999999999866e-02 2.875000000000000000e+04
3.500000000000000000e+06 6.304999999999999716e+01 1.975000000000000019e-02 3.261999999999999636e+04
3.750000000000000000e+06 6.042000000000000171e+01 1.854000000000000092e-02 3.667000000000000000e+04
4.000000000000000000e+06 5.811999999999999744e+01 1.746999999999999942e-02 4.089000000000000000e+04
4.500000000000000000e+06 5.425999999999999801e+01 1.566999999999999990e-02 4.980000000000000000e+04
5.000000000000000000e+06 5.117000000000000171e+01 1.422000000000000000e-02 5.928000000000000000e+04
5.500000000000000000e+06 4.864000000000000057e+01 1.302999999999999992e-02 6.931000000000000000e+04
6.000000000000000000e+06 4.653999999999999915e+01 1.201999999999999943e-02 7.981000000000000000e+04
6.500000000000000000e+06 4.477000000000000313e+01 1.116999999999999937e-02 9.077000000000000000e+04
7.000000000000000000e+06 4.325999999999999801e+01 1.043000000000000003e-02 1.021300000000000000e+05
8.000000000000000000e+06 4.082000000000000028e+01 9.216999999999999499e-03 1.259300000000000000e+05
9.000000000000000000e+06 3.896000000000000085e+01 8.266000000000000777e-03 1.510100000000000000e+05
1.000000000000000000e+07 3.749000000000000199e+01 7.498000000000000324e-03 1.771700000000000000e+05
