# Energy(keV)  dEe/dx(keV/micro_m)  dEn/dx(keV/micro_m)  x(micro_m)
1.100000000000000066e-03 7.357000000000000206e-01 2.451000000000000068e+00 1.000000000000000048e-04
1.199999999999999895e-03 7.357000000000000206e-01 2.543000000000000149e+00 1.000000000000000048e-04
1.300000000000000157e-03 7.657000000000000473e-01 2.629000000000000004e+00 1.000000000000000048e-04
1.399999999999999986e-03 7.945999999999999730e-01 2.709999999999999964e+00 1.000000000000000048e-04
1.500000000000000031e-03 8.225000000000000089e-01 2.786999999999999922e+00 2.000000000000000096e-04
1.600000000000000077e-03 8.495000000000000329e-01 2.861000000000000210e+00 2.000000000000000096e-04
1.699999999999999905e-03 8.756000000000000449e-01 2.930000000000000160e+00 2.000000000000000096e-04
1.800000000000000168e-03 9.010000000000000231e-01 2.996999999999999886e+00 2.000000000000000096e-04
2.000000000000000042e-03 9.496999999999999886e-01 3.120999999999999996e+00 2.000000000000000096e-04
2.250000000000000264e-03 1.006999999999999895e+00 3.262999999999999901e+00 2.000000000000000096e-04
2.499990000000000111e-03 1.062000000000000055e+00 3.391999999999999904e+00 2.000000000000000096e-04
2.749989999999999900e-03 1.114000000000000101e+00 3.511000000000000121e+00 2.000000000000000096e-04
2.999990000000000122e-03 1.163000000000000034e+00 3.620000000000000107e+00 3.000000000000000279e-04
3.249989999999999910e-03 1.211000000000000076e+00 3.721999999999999975e+00 3.000000000000000279e-04
3.499990000000000132e-03 1.256000000000000005e+00 3.817000000000000171e+00 3.000000000000000279e-04
3.749989999999999921e-03 1.300000000000000044e+00 3.906000000000000139e+00 3.000000000000000279e-04
3.999990000000000143e-03 1.342999999999999972e+00 3.990000000000000213e+00 3.000000000000000279e-04
4.499990000000000587e-03 1.425000000000000044e+00 4.144000000000000128e+00 3.000000000000000279e-04
4.999990000000000163e-03 1.502000000000000002e+00 4.282000000000000028e+00 3.000000000000000279e-04
5.499990000000000608e-03 1.574999999999999956e+00 4.407000000000000028e+00 4.000000000000000192e-04
5.999990000000000184e-03 1.645000000000000018e+00 4.520999999999999908e+00 4.000000000000000192e-04
6.499990000000000628e-03 1.711999999999999966e+00 4.626000000000000334e+00 4.000000000000000192e-04
6.999990000000000205e-03 1.776999999999999913e+00 4.722999999999999865e+00 4.000000000000000192e-04
7.999990000000000226e-03 1.899000000000000021e+00 4.895999999999999908e+00 5.000000000000000104e-04
8.999990000000001114e-03 2.015000000000000124e+00 5.046999999999999709e+00 5.000000000000000104e-04
9.999990000000000268e-03 2.124000000000000110e+00 5.179000000000000270e+00 5.000000000000000104e-04
1.099989999999999996e-02 2.226999999999999869e+00 5.298000000000000043e+00 6.000000000000000559e-04
1.199990000000000084e-02 2.326000000000000068e+00 5.403999999999999915e+00 6.000000000000000559e-04
1.299990000000000000e-02 2.420999999999999819e+00 5.498999999999999666e+00 6.000000000000000559e-04
1.399990000000000089e-02 2.512999999999999901e+00 5.586000000000000298e+00 6.999999999999999929e-04
1.499990000000000004e-02 2.600999999999999979e+00 5.665000000000000036e+00 6.999999999999999929e-04
1.599990000000000093e-02 2.685999999999999943e+00 5.737000000000000099e+00 6.999999999999999929e-04
1.699990000000000182e-02 2.769000000000000128e+00 5.802999999999999936e+00 6.999999999999999929e-04
1.799989999999999923e-02 2.849000000000000199e+00 5.863999999999999879e+00 8.000000000000000383e-04
1.999990000000000101e-02 3.003000000000000114e+00 5.972000000000000419e+00 8.000000000000000383e-04
2.249989999999999976e-02 3.185999999999999943e+00 6.086999999999999744e+00 9.000000000000000838e-04
2.499990000000000198e-02 3.358000000000000096e+00 6.182000000000000384e+00 1.000000000000000021e-03
2.749990000000000073e-02 3.521999999999999797e+00 6.262999999999999901e+00 1.000000000000000021e-03
2.999989999999999948e-02 3.677999999999999936e+00 6.331000000000000405e+00 1.100000000000000066e-03
3.249989999999999823e-02 3.829000000000000181e+00 6.389000000000000234e+00 1.200000000000000112e-03
3.499990000000000046e-02 3.972999999999999865e+00 6.439000000000000057e+00 1.200000000000000112e-03
3.749989999999999574e-02 4.113000000000000433e+00 6.482000000000000206e+00 1.300000000000000157e-03
3.999989999999999796e-02 4.246999999999999886e+00 6.517999999999999794e+00 1.399999999999999986e-03
4.499989999999999546e-02 4.504999999999999893e+00 6.575000000000000178e+00 1.500000000000000031e-03
4.999989999999999990e-02 4.748999999999999666e+00 6.615999999999999659e+00 1.600000000000000077e-03
5.499989999999999740e-02 4.980000000000000426e+00 6.644999999999999574e+00 1.700000000000000122e-03
5.999989999999999490e-02 5.201999999999999957e+00 6.663999999999999702e+00 1.899999999999999996e-03
6.499989999999999934e-02 5.413999999999999702e+00 6.674999999999999822e+00 2.000000000000000042e-03
6.999990000000000379e-02 5.618999999999999773e+00 6.679999999999999716e+00 2.100000000000000304e-03
7.999989999999999879e-02 6.006999999999999673e+00 6.674999999999999822e+00 2.299999999999999961e-03
8.999989999999999379e-02 6.371000000000000441e+00 6.655999999999999694e+00 2.600000000000000314e-03
9.999990000000000268e-02 6.716000000000000192e+00 6.628000000000000114e+00 2.799999999999999972e-03
1.100000000000000006e-01 7.043000000000000149e+00 6.592999999999999972e+00 3.000000000000000062e-03
1.199999999999999956e-01 7.357000000000000206e+00 6.552999999999999936e+00 3.299999999999999982e-03
1.300000000000000044e-01 7.657000000000000028e+00 6.511000000000000121e+00 3.500000000000000073e-03
1.399989999999999846e-01 7.945999999999999730e+00 6.466000000000000192e+00 3.700000000000000164e-03
1.499989999999999934e-01 8.224999999999999645e+00 6.418999999999999595e+00 4.000000000000000083e-03
1.599990000000000023e-01 8.494999999999999218e+00 6.371999999999999886e+00 4.200000000000000608e-03
1.699990000000000112e-01 8.756000000000000227e+00 6.323999999999999844e+00 4.400000000000000265e-03
1.799989999999999923e-01 9.009999999999999787e+00 6.275999999999999801e+00 4.599999999999999922e-03
1.999990000000000101e-01 9.496999999999999886e+00 6.181000000000000050e+00 5.100000000000000366e-03
2.249990000000000046e-01 1.007000000000000028e+01 6.064000000000000057e+00 5.599999999999999943e-03
2.499989999999999990e-01 1.061999999999999922e+01 5.950999999999999623e+00 6.200000000000000649e-03
2.749990000000000490e-01 1.114000000000000057e+01 5.841999999999999638e+00 6.700000000000000226e-03
2.999990000000000157e-01 1.163000000000000078e+01 5.737000000000000099e+00 7.300000000000000065e-03
3.249990000000000379e-01 1.210999999999999943e+01 5.636999999999999567e+00 7.800000000000000509e-03
3.499990000000000046e-01 1.256000000000000050e+01 5.541000000000000369e+00 8.400000000000001216e-03
3.749990000000000268e-01 1.300000000000000000e+01 5.448999999999999844e+00 8.899999999999999925e-03
3.999990000000000490e-01 1.342999999999999972e+01 5.360999999999999766e+00 9.499999999999999764e-03
4.499990000000000379e-01 1.425000000000000000e+01 5.195000000000000284e+00 1.060000000000000005e-02
4.999990000000000268e-01 1.501999999999999957e+01 5.043000000000000149e+00 1.160000000000000094e-02
5.499990000000000157e-01 1.575000000000000000e+01 4.900999999999999801e+00 1.270000000000000122e-02
5.999990000000000601e-01 1.644999999999999929e+01 4.769999999999999574e+00 1.380000000000000150e-02
6.499989999999999934e-01 1.712000000000000099e+01 4.647999999999999687e+00 1.490000000000000005e-02
6.999990000000000379e-01 1.776999999999999957e+01 4.533999999999999808e+00 1.590000000000000094e-02
7.999990000000000157e-01 1.898999999999999844e+01 4.326999999999999957e+00 1.810000000000000150e-02
8.999989999999999934e-01 2.014999999999999858e+01 4.142000000000000348e+00 2.020000000000000268e-02
9.999990000000000823e-01 2.123999999999999844e+01 3.976999999999999869e+00 2.230000000000000038e-02
1.100000000000000089e+00 2.226999999999999957e+01 3.827999999999999847e+00 2.430000000000000215e-02
1.199999999999999956e+00 2.326000000000000156e+01 3.693000000000000060e+00 2.639999999999999986e-02
1.300000000000000044e+00 2.421000000000000085e+01 3.568999999999999950e+00 2.850000000000000103e-02
1.399999999999999911e+00 2.512999999999999901e+01 3.455000000000000071e+00 3.050000000000000280e-02
1.500000000000000000e+00 2.601000000000000156e+01 3.350000000000000089e+00 3.250000000000000111e-02
1.600000000000000089e+00 2.685999999999999943e+01 3.253000000000000114e+00 3.450000000000000289e-02
1.699999999999999956e+00 2.769000000000000128e+01 3.161999999999999922e+00 3.650000000000000466e-02
1.800000000000000044e+00 2.848999999999999844e+01 3.077999999999999847e+00 3.849999999999999950e-02
2.000000000000000000e+00 3.003000000000000114e+01 2.923999999999999932e+00 4.240000000000000019e-02
2.250000000000000000e+00 3.162000000000000099e+01 2.757000000000000117e+00 4.719999999999999890e-02
2.500000000000000000e+00 3.309000000000000341e+01 2.611000000000000210e+00 5.200000000000000455e-02
2.750000000000000000e+00 3.447999999999999687e+01 2.483000000000000096e+00 5.670000000000000040e-02
3.000000000000000000e+00 3.579999999999999716e+01 2.369000000000000217e+00 6.140000000000000319e-02
3.250000000000000000e+00 3.704999999999999716e+01 2.266999999999999904e+00 6.600000000000000311e-02
3.500000000000000000e+00 3.825999999999999801e+01 2.174999999999999822e+00 7.060000000000000997e-02
3.750000000000000000e+00 3.942000000000000171e+01 2.092000000000000082e+00 7.510000000000000009e-02
4.000000000000000000e+00 4.054999999999999716e+01 2.015000000000000124e+00 7.950000000000000122e-02
4.500000000000000000e+00 4.274000000000000199e+01 1.881000000000000005e+00 8.820000000000000062e-02
5.000000000000000000e+00 4.485000000000000142e+01 1.766000000000000014e+00 9.680000000000001104e-02
5.500000000000000000e+00 4.689999999999999858e+01 1.665999999999999925e+00 1.050999999999999990e-01
6.000000000000000000e+00 4.889999999999999858e+01 1.578000000000000069e+00 1.132000000000000089e-01
6.500000000000000000e+00 5.082999999999999829e+01 1.500999999999999890e+00 1.210999999999999993e-01
7.000000000000000000e+00 5.271000000000000085e+01 1.431999999999999940e+00 1.289000000000000146e-01
8.000000000000000000e+00 5.629999999999999716e+01 1.314000000000000057e+00 1.439000000000000001e-01
9.000000000000000000e+00 5.967000000000000171e+01 1.215999999999999970e+00 1.582999999999999963e-01
1.000000000000000000e+01 6.285999999999999943e+01 1.133000000000000007e+00 1.722000000000000197e-01
1.100000000000000000e+01 6.587000000000000455e+01 1.062000000000000055e+00 1.856000000000000150e-01
1.200000000000000000e+01 6.873000000000000398e+01 1.000999999999999890e+00 1.985999999999999988e-01
1.300000000000000000e+01 7.143999999999999773e+01 9.471000000000000529e-01 2.111000000000000099e-01
1.400000000000000000e+01 7.401000000000000512e+01 8.994999999999999662e-01 2.234000000000000152e-01
1.500000000000000000e+01 7.646999999999999886e+01 8.568999999999999950e-01 2.353000000000000091e-01
1.600000000000000000e+01 7.879999999999999716e+01 8.186999999999999833e-01 2.469000000000000083e-01
1.700000000000000000e+01 8.103000000000000114e+01 7.841000000000000192e-01 2.583000000000000296e-01
1.800000000000000000e+01 8.315999999999999659e+01 7.527000000000000357e-01 2.694000000000000283e-01
2.000000000000000000e+01 8.714000000000000057e+01 6.975999999999999979e-01 2.910000000000000364e-01
2.250000000000000000e+01 9.164000000000000057e+01 6.401999999999999913e-01 3.169000000000000150e-01
2.500000000000000000e+01 9.565999999999999659e+01 5.924000000000000377e-01 3.419000000000000372e-01
2.750000000000000000e+01 9.926999999999999602e+01 5.518999999999999462e-01 3.661000000000000365e-01
3.000000000000000000e+01 1.025000000000000000e+02 5.171999999999999931e-01 3.895000000000000129e-01
3.250000000000000000e+01 1.054000000000000057e+02 4.868999999999999995e-01 4.124000000000000443e-01
3.500000000000000000e+01 1.080000000000000000e+02 4.603999999999999759e-01 4.348000000000000198e-01
3.750000000000000000e+01 1.102999999999999972e+02 4.368000000000000216e-01 4.566999999999999948e-01
4.000000000000000000e+01 1.124000000000000057e+02 4.158000000000000029e-01 4.783000000000000029e-01
4.500000000000000000e+01 1.159000000000000057e+02 3.798000000000000265e-01 5.205000000000000737e-01
5.000000000000000000e+01 1.185000000000000000e+02 3.499999999999999778e-01 5.618000000000000771e-01
5.500000000000000000e+01 1.205000000000000000e+02 3.250000000000000111e-01 6.024000000000000465e-01
6.000000000000000000e+01 1.220000000000000000e+02 3.035999999999999810e-01 6.426000000000000600e-01
6.500000000000000000e+01 1.230000000000000000e+02 2.849999999999999756e-01 6.824000000000000066e-01
7.000000000000000000e+01 1.235000000000000000e+02 2.687999999999999834e-01 7.221000000000000751e-01
8.000000000000000000e+01 1.237000000000000028e+02 2.416999999999999982e-01 8.014000000000000012e-01
9.000000000000000000e+01 1.227999999999999972e+02 2.200000000000000011e-01 8.810999999999999943e-01
1.000000000000000000e+02 1.212000000000000028e+02 2.021000000000000019e-01 9.616999999999999993e-01
1.100000000000000000e+02 1.192000000000000028e+02 1.870999999999999885e-01 1.040000000000000036e+00
1.200000000000000000e+02 1.167999999999999972e+02 1.743999999999999995e-01 1.129999999999999893e+00
1.300000000000000000e+02 1.142999999999999972e+02 1.633999999999999897e-01 1.209999999999999964e+00
1.400000000000000000e+02 1.115999999999999943e+02 1.537999999999999923e-01 1.300000000000000044e+00
1.500000000000000000e+02 1.090000000000000000e+02 1.453000000000000125e-01 1.389999999999999902e+00
1.600000000000000000e+02 1.062999999999999972e+02 1.378000000000000058e-01 1.479999999999999982e+00
1.700000000000000000e+02 1.037000000000000028e+02 1.310999999999999943e-01 1.580000000000000071e+00
1.800000000000000000e+02 1.010999999999999943e+02 1.250999999999999890e-01 1.669999999999999929e+00
2.000000000000000000e+02 9.623000000000000398e+01 1.145999999999999935e-01 1.870000000000000107e+00
2.250000000000000000e+02 9.068000000000000682e+01 1.039999999999999952e-01 2.140000000000000124e+00
2.500000000000000000e+02 8.570000000000000284e+01 9.521000000000000296e-02 2.419999999999999929e+00
2.750000000000000000e+02 8.128000000000000114e+01 8.791000000000000203e-02 2.720000000000000195e+00
3.000000000000000000e+02 7.732999999999999829e+01 8.172000000000000097e-02 3.029999999999999805e+00
3.250000000000000000e+02 7.379999999999999716e+01 7.638999999999999957e-02 3.359999999999999876e+00
3.500000000000000000e+02 7.062999999999999545e+01 7.177000000000000046e-02 3.700000000000000178e+00
3.750000000000000000e+02 6.776999999999999602e+01 6.769999999999999629e-02 4.059999999999999609e+00
4.000000000000000000e+02 6.517000000000000171e+01 6.410000000000000420e-02 4.440000000000000391e+00
4.500000000000000000e+02 6.064999999999999858e+01 5.800000000000000294e-02 5.230000000000000426e+00
5.000000000000000000e+02 5.684000000000000341e+01 5.301999999999999769e-02 6.080000000000000071e+00
5.500000000000000000e+02 5.357000000000000028e+01 4.887999999999999984e-02 6.980000000000000426e+00
6.000000000000000000e+02 5.075000000000000000e+01 4.537000000000000061e-02 7.929999999999999716e+00
6.500000000000000000e+02 4.827000000000000313e+01 4.236000000000000182e-02 8.939999999999999503e+00
7.000000000000000000e+02 4.609000000000000341e+01 3.975000000000000061e-02 9.990000000000000213e+00
8.000000000000000000e+02 4.240999999999999659e+01 3.543000000000000316e-02 1.224000000000000021e+01
9.000000000000000000e+02 3.942999999999999972e+01 3.200999999999999679e-02 1.467999999999999972e+01
1.000000000000000000e+03 3.699000000000000199e+01 2.921999999999999945e-02 1.728999999999999915e+01
1.100000000000000000e+03 3.549000000000000199e+01 2.690000000000000030e-02 2.003999999999999915e+01
1.200000000000000000e+03 3.403999999999999915e+01 2.494000000000000036e-02 2.289999999999999858e+01
1.300000000000000000e+03 3.239000000000000057e+01 2.325999999999999943e-02 2.589999999999999858e+01
1.400000000000000000e+03 3.089000000000000057e+01 2.179999999999999993e-02 2.905000000000000071e+01
1.500000000000000000e+03 2.953000000000000114e+01 2.052999999999999964e-02 3.235000000000000142e+01
1.600000000000000000e+03 2.828999999999999915e+01 1.940000000000000058e-02 3.579999999999999716e+01
1.700000000000000000e+03 2.714999999999999858e+01 1.839999999999999969e-02 3.939000000000000057e+01
1.800000000000000000e+03 2.610000000000000142e+01 1.750000000000000167e-02 4.314000000000000057e+01
2.000000000000000000e+03 2.421999999999999886e+01 1.595999999999999849e-02 5.107000000000000028e+01
2.250000000000000000e+03 2.223000000000000043e+01 1.439000000000000001e-02 6.181000000000000227e+01
2.500000000000000000e+03 2.055999999999999872e+01 1.311000000000000013e-02 7.346999999999999886e+01
2.750000000000000000e+03 1.914999999999999858e+01 1.205999999999999954e-02 8.603000000000000114e+01
3.000000000000000000e+03 1.792999999999999972e+01 1.115999999999999978e-02 9.948000000000000398e+01
3.250000000000000000e+03 1.687999999999999901e+01 1.039999999999999952e-02 1.138100000000000023e+02
3.500000000000000000e+03 1.594999999999999929e+01 9.738999999999999393e-03 1.290000000000000000e+02
3.750000000000000000e+03 1.513000000000000078e+01 9.161000000000000740e-03 1.450399999999999920e+02
4.000000000000000000e+03 1.440000000000000036e+01 8.651999999999999968e-03 1.619300000000000068e+02
4.500000000000000000e+03 1.315000000000000036e+01 7.792000000000000315e-03 1.981599999999999966e+02
5.000000000000000000e+03 1.211999999999999922e+01 7.093999999999999612e-03 2.376500000000000057e+02
5.500000000000000000e+03 1.125999999999999979e+01 6.517000000000000223e-03 2.803399999999999750e+02
6.000000000000000000e+03 1.051999999999999957e+01 6.029999999999999770e-03 3.261800000000000068e+02
6.500000000000000000e+03 9.875999999999999446e+00 5.614000000000000067e-03 3.751200000000000045e+02
7.000000000000000000e+03 9.316000000000000725e+00 5.253999999999999990e-03 4.271100000000000136e+02
8.000000000000000000e+03 8.382999999999999119e+00 4.662000000000000345e-03 5.400099999999999909e+02
9.000000000000000000e+03 7.634000000000000341e+00 4.193999999999999811e-03 6.647200000000000273e+02
1.000000000000000000e+04 7.019000000000000128e+00 3.815999999999999948e-03 8.010199999999999818e+02
